deg: 1
dim: 3
nodes: 1
efficiency: 1

q[0]: 3.3333333333333331e-01  7.5000000000000000e-01  3.7500000000000000e-01  3.7500000000000000e-01  

