deg: 3
dim: 3
nodes: 6
efficiency: 0.833333

q[0]: 4.8065956115697583e-02  4.4928232560594067e-01  1.0935153741144933e-01  3.3993078819444672e-01  
q[1]: 4.8065956115553185e-02  4.4928232560588410e-01  3.3993078819478068e-01  1.0935153741114800e-01  
q[2]: 5.2880891376270500e-02  8.3333333333333337e-01  1.3596499721516139e-01  1.3596499721505298e-01  
q[3]: 6.5719819174758498e-02  9.0288449844753127e-01  2.1975448928884814e-01  6.8313000915859368e-01  
q[4]: 6.5719819174783020e-02  9.0288449844751062e-01  6.8313000915860744e-01  2.1975448928899269e-01  
q[5]: 5.2880891376270507e-02  8.3333333333333326e-01  6.9736833611817184e-01  6.9736833611828042e-01  

