deg: 2
dim: 3
nodes: 4
efficiency: 0.75

q[0]: 1.1488964746640980e-01  4.8468122209926545e-01  2.1318638653586178e-01  2.2341884905778733e-01  
q[1]: 6.7573151394020578e-02  9.2837628832480346e-01  8.8055051250441677e-02  3.5128975431649540e-01  
q[2]: 6.7419205158865056e-02  8.8177778147628227e-01  7.4338568412419115e-01  1.5357142637662791e-01  
q[3]: 8.3451329314037870e-02  8.6437300899679681e-01  5.3250753837297304e-01  7.8177386121521120e-01  

