deg: 4
dim: 3
nodes: 10
efficiency: 0.9

q[0]: 1.8768159307579458e-02  2.6679321224477481e-01  2.0590212263387633e-01  2.0417019858417318e-01  
q[1]: 6.3353067887522388e-02  6.4889427223444995e-01  1.9483081992715554e-01  5.0294599326621303e-01  
q[2]: 1.7048123819601999e-02  4.0235751972449041e-01  1.5408390088488946e-02  1.6364424721707248e-02  
q[3]: 2.4572588886002826e-02  8.3625838444958300e-01  7.6171386095232996e-01  7.5944175825554761e-01  
q[4]: 6.3345318194398786e-02  6.5155560348891539e-01  5.0492059068640993e-01  1.9301213958855970e-01  
q[5]: 3.4702801760274980e-02  8.8969281444909598e-01  6.2943828517718015e-02  3.5146041868735012e-01  
q[6]: 1.5408267694416677e-02  9.5534721725916738e-01  1.9102640164809387e-01  9.0205142370289149e-01  
q[7]: 3.5184968955238975e-02  8.8994935720147228e-01  3.4242727543415247e-01  6.5651511414119720e-02  
q[8]: 4.5687905383462755e-02  9.5617288726697669e-01  5.8876786406662729e-01  5.8829948599388859e-01  
q[9]: 1.5262131444834515e-02  9.5716724744756221e-01  9.0109092656490664e-01  1.8701533309787730e-01  

