deg: 7
dim: 3
nodes: 31
efficiency: 0.967742

q[0]:  4.6086814687432065e-03  2.8427335173629764e-01  4.0329885457850746e-02  3.9911756774933825e-02  
q[1]:  5.8683428074674682e-03  1.7579057208925516e-01  1.0461222468372458e-01  1.0482686631206597e-01  
q[2]:  9.4649425304029200e-03  5.2886195445488271e-01  4.3381236399344957e-02  2.8486734587545171e-01  
q[3]:  6.8942765005533205e-03  3.9130326288136158e-01  7.7686415189378827e-02  3.5662751002024895e-01  
q[4]:  2.1650235505367144e-02  5.1665257170261403e-01  2.5697627047823018e-01  2.5855574199199749e-01  
q[5]:  9.5856040370313322e-03  5.2901416966290205e-01  2.8856932577260636e-01  4.4839498575407817e-02  
q[6]:  6.8547425429225824e-03  3.9039966516718616e-01  3.5592321481049771e-01  7.7985344851366586e-02  
q[7]:  1.1784970484215177e-02  4.6909864986619870e-01  3.9316237896539213e-01  3.9299747179789762e-01  
q[8]:  7.9643651699041942e-03  8.3653133933114177e-01  2.8261162819960831e-02  2.1755765640614019e-01  
q[9]:  9.0826272074787957e-03  7.4648863260837062e-01  4.1306072831995763e-02  6.3205998743804792e-01  
q[10]: 1.0293030015599358e-02  6.2695011838784720e-01  8.1121695360799606e-02  7.8585310745322295e-02  
q[11]: 2.6249363039032379e-02  7.9857524581032024e-01  2.0349975774986476e-01  4.3958094753047011e-01  
q[12]: 1.3834377244682890e-02  7.0420769106289816e-01  2.8022021744811126e-01  6.6328498673654013e-01  
q[13]: 7.8621016859835632e-03  8.3894183952318602e-01  2.1772550884610478e-01  2.8003862881022339e-02  
q[14]: 2.5973450485209795e-02  7.9877663546054956e-01  4.4357044979043736e-01  1.9836885623131614e-01  
q[15]: 2.5598750601715028e-02  7.8053649659838131e-01  5.6998818489201941e-01  5.7018896725144264e-01  
q[16]: 8.6263882636903981e-03  7.4673511291660088e-01  6.3447446794548512e-01  3.8421482594893738e-02  
q[17]: 1.4047954612383154e-02  7.0421717111585169e-01  6.6233125559857087e-01  2.7872371287714637e-01  
q[18]: 5.3143427945454239e-03  7.7027284560210696e-01  7.2812667314032808e-01  7.2752300374728174e-01  
q[19]: 4.6086814687432065e-03  9.6593028593589891e-01  8.6807800025523962e-02  8.7930271556624418e-02  
q[20]: 7.1083526736610680e-03  9.6144830069744980e-01  5.2021706083090480e-02  5.5209039174168772e-01  
q[21]: 4.8849340208990929e-03  9.4430868113688216e-01  8.5062445993154129e-02  8.8487898836085366e-01  
q[22]: 1.3938527685528977e-02  9.6662350379762962e-01  3.0399906080007200e-01  3.0332304090600509e-01  
q[23]: 1.2629507013011873e-02  9.4983058952789812e-01  2.9660717853073731e-01  7.6361847668327421e-01  
q[24]: 6.2404898555406081e-03  9.3485278803638416e-01  5.2032468144046495e-01  9.1327570113232182e-01  
q[25]: 6.9595190299936880e-03  9.6215060307924150e-01  5.5245898553912542e-01  5.1330085868614345e-02  
q[26]: 1.2594863637574822e-02  9.4990325638486262e-01  7.6139097690848090e-01  2.9886753457594673e-01  
q[27]: 1.4635666963787179e-02  9.6080249713296639e-01  6.0434565771675297e-01  6.0583479561214371e-01  
q[28]: 5.0180650787585608e-03  9.4437613785282881e-01  8.8369974038627397e-01  8.6823449685637849e-02  
q[29]: 6.2847676378437875e-03  9.3496263892851195e-01  9.1295240793474097e-01  5.1972583982068288e-01  
q[30]: 6.8714112710623739e-03  9.6098401020548152e-01  8.5268763846847229e-01  8.5272441997279524e-01  

