deg: 6
dim: 3
nodes: 22
efficiency: 0.954545

q[0]:  6.6387836153944087e-03  1.7255939164586462e-01  8.8649312778917244e-02  9.5350026903776613e-02  
q[1]:  1.3437603246298058e-02  4.3265951535135960e-01  2.8176298845965505e-02  1.5901311271419805e-01  
q[2]:  1.5110046569813851e-02  4.4890900559091040e-01  1.7130770563004211e-01  4.0605303747390947e-01  
q[3]:  2.1939020148561101e-02  7.3390006030731914e-01  9.8052079818616175e-02  6.0395948054767279e-01  
q[4]:  1.4318011411597961e-02  4.1367060660419608e-01  2.7382844594841577e-01  4.6065180338478680e-02  
q[5]:  4.5913007793287122e-02  6.9581492354978725e-01  3.4899065913005567e-01  3.2288295117404270e-01  
q[6]:  1.4094122961423663e-02  4.6766779909753492e-01  4.3443577340457318e-01  3.1552463917700230e-01  
q[7]:  1.7108046405867001e-02  7.1696924813977125e-01  1.6615275441227223e-01  4.7584513979500635e-02  
q[8]:  1.2644344036650962e-02  8.1536623457221236e-01  3.1968653640683860e-02  2.9158737787148292e-01  
q[9]:  7.1857039467456340e-03  9.3180145794010394e-01  2.0165945890679951e-01  9.1537235169620046e-01  
q[10]: 2.9362284870079691e-02  9.3092548539458464e-01  4.2439794823114840e-01  6.5813147088754353e-01  
q[11]: 1.9818858343732017e-02  7.6827469370062051e-01  5.6820595044781097e-01  7.1458875152030388e-01  
q[12]: 1.9791224795951266e-02  7.4079204653636033e-01  6.4275075743888055e-01  1.0396124531442828e-01  
q[13]: 1.1833666240213972e-02  7.8278394345121183e-01  7.3914239242959090e-01  4.8874267771410385e-01  
q[14]: 3.1478420565271398e-03  9.6268681619092944e-01  5.6701256365144476e-02  2.7906136784795199e-02  
q[15]: 6.8033291437694533e-03  9.7038116730773039e-01  4.2312419945539415e-02  7.0431471561942027e-01  
q[16]: 2.0507733997704926e-02  9.5028562710068665e-01  2.1937450701724767e-01  2.9415217218530376e-01  
q[17]: 1.7561576266725640e-02  9.3160626685268266e-01  5.2922268232630854e-01  8.1553876340153597e-02  
q[18]: 6.0916444759862749e-03  9.8507278515852570e-01  7.5085079265575172e-01  9.0738677362102449e-01  
q[19]: 2.9900346811105138e-03  9.6869955832253618e-01  9.4909547239135916e-01  7.1174336176332814e-02  
q[20]: 2.2145389757797389e-02  9.4757066363380316e-01  7.7372353813268535e-01  3.9356322985375575e-01  
q[21]: 4.8910585680952811e-03  9.3571078302537303e-01  9.2721497350928295e-01  7.5791064217741821e-01  

