deg: 5
dim: 3
nodes: 15
efficiency: 0.933333

q[0]:  1.3940784487135410e-02  3.2656602659133516e-01  6.9077111756422019e-02  2.5179560778140564e-01  
q[1]:  1.3940784487135410e-02  2.6071255617770861e-01  1.8695162991842321e-01  7.7181250363212689e-02  
q[2]:  2.2341726366154304e-02  7.3657242856319394e-01  8.8660225495156855e-02  6.3101308540886103e-01  
q[3]:  2.2040918096479165e-02  5.7773643541284336e-01  7.2236741169400043e-02  1.0748234587743705e-01  
q[4]:  4.7075029569879218e-02  6.9964419083048190e-01  3.0786566286960554e-01  3.8924290280948970e-01  
q[5]:  2.1179670731987257e-02  5.7642294474067368e-01  4.5151287710384613e-01  5.1867899168009879e-01  
q[6]:  2.2132627613090001e-02  6.5281045173865881e-01  4.4067943183836905e-01  5.3117561653306208e-02  
q[7]:  1.9131082616487396e-02  6.4849224169083053e-01  6.1283473762619567e-01  2.6318242839984934e-01  
q[8]:  2.0282137924390296e-02  9.0871499975105496e-01  5.6963140367365765e-02  2.7083638371911029e-01  
q[9]:  1.5862824777338729e-02  9.6547959403501493e-01  1.5311367339064516e-01  7.9244505895737138e-01  
q[10]: 1.7056273563221706e-02  9.2020634468608076e-01  2.9895801846517156e-01  4.4065610967158574e-02  
q[11]: 3.8375940379036216e-02  9.3982424498294148e-01  4.8623895801896549e-01  4.5457199465798792e-01  
q[12]: 1.6922010625991035e-02  9.0769587704212673e-01  5.7062203742394890e-01  8.7493784009445219e-01  
q[13]: 2.2455290835963732e-02  9.2776759106790796e-01  7.9582653898863476e-01  1.5200191803130575e-01  
q[14]: 2.0596231259043408e-02  9.1873939404798932e-01  8.4747454270514866e-01  6.7723410522285443e-01  

