deg: 14
dim: 2
nodes: 41
q[0]:  3.6640200825176904e-02  -6.7377266643470612e-01  4.9797854477128128e-01  
q[1]:  6.4277114175968611e-02  -7.1813114595417127e-01  2.0903775226264226e-01  
q[2]:  8.4534956253565122e-02  -4.9245320489421185e-01  1.8650391297783503e-01  
q[3]:  2.1689003332006934e-02  -8.8258441371861229e-01  1.5220285120716326e-01  
q[4]:  5.2169328727220569e-02  -8.2529535835676060e-01  -9.2586166262097425e-02  
q[5]:  1.0523311327984627e-01  -5.8402401018611272e-01  -1.6023355870538891e-01  
q[6]:  9.8901361327528858e-03  -9.6070619035727878e-01  -3.5655853221025893e-02  
q[7]:  2.8863649675954922e-02  -7.6009286826086375e-01  -3.6890531489980782e-01  
q[8]:  7.6729347006355045e-02  -5.4571391795336432e-01  -5.1779618855293486e-01  
q[9]:  2.5503110036094033e-02  -5.3156397876364847e-01  -7.4962386322255947e-01  
q[10]: 1.8562682370909047e-02  -4.9647344703575919e-01  8.0081409914975743e-01  
q[11]: 5.2288631084000642e-02  -4.3216406590185263e-01  6.8208289788526621e-01  
q[12]: 6.1363036550068722e-02  -4.5797303728721372e-01  4.6892300623980882e-01  
q[13]: 2.1514621216068328e-02  -2.3452094350983543e-01  8.5285184513163970e-01  
q[14]: 7.5863445589994874e-02  -1.0111702068801189e-01  7.2153950540356671e-01  
q[15]: 9.3085772592951171e-02  -1.9194804433467053e-01  4.4756421042203853e-01  
q[16]: 4.5329735673302472e-02  2.0375058404623150e-01  8.1960151759919420e-01  
q[17]: 1.2521067629343471e-01  -2.7050450974322449e-01  -3.5705257151762948e-01  
q[18]: 1.2683539244442046e-01  -2.3927115507376134e-01  2.1595426283320250e-02  
q[19]: 5.9585291972976767e-02  -4.4162880611317477e-02  2.8491280958248572e-01  
q[20]: 1.0375370813778864e-01  1.9700696192315392e-01  5.6643605376904160e-01  
q[21]: 1.0554466705596557e-02  4.8279832863383415e-01  8.3668362353685111e-01  
q[22]: 5.8779206299928027e-02  4.7945472645474541e-01  6.8598539613509690e-01  
q[23]: 1.1111053674535369e-01  1.8271268525127557e-01  2.1209485990797289e-01  
q[24]: 1.3982906272173828e-01  9.4123445555318333e-02  -1.6169768203810850e-01  
q[25]: 1.1495423279667139e-01  6.3573081637220946e-02  -5.3623707251061248e-01  
q[26]: 1.1258950839055724e-01  4.1058016781502704e-01  -3.3747495265598754e-01  
q[27]: 8.3038195611420104e-02  -2.5235879242993797e-01  -6.9628177378713441e-01  
q[28]: 7.8462467783531206e-02  3.6639586288399983e-01  -6.6706761889126964e-01  
q[29]: 1.9813209643213391e-02  -3.3433861958918998e-01  -8.5163534591888712e-01  
q[30]: 5.4776704205250229e-02  6.1469920892639994e-02  -8.1103637766827252e-01  
q[31]: 2.0779327867593018e-02  4.0307496102077178e-01  -8.3820981198470224e-01  
q[32]: 1.6950063403230985e-02  5.7366104195051615e-01  -7.1326352113692260e-01  
q[33]: 6.2078531806107597e-02  6.5237588538926972e-01  -4.4966399834032533e-01  
q[34]: 7.8066063353289306e-02  7.2224186100165133e-01  -1.1979228749410469e-01  
q[35]: 1.1367467828017215e-01  4.6759979723627754e-01  2.9433907375776221e-02  
q[36]: 2.1318118547986931e-02  8.8006382492426516e-01  -1.7822808727028897e-01  
q[37]: 9.6914622393776031e-02  5.0355693431024884e-01  3.8426346884229695e-01  
q[38]: 6.5887972284037963e-02  7.5752273005169668e-01  1.9754883750664037e-01  
q[39]: 2.3805599532437043e-02  9.2771081011802958e-01  5.3781111830472815e-02  
q[40]: 2.5770689610567558e-02  7.0506331075140016e-01  4.8440772198409060e-01  

