deg: 10
dim: 2
nodes: 25
q[0]:  5.0501455803481407e-02  -5.6977888402649157e-01  6.5742737706031829e-01  
q[1]:  1.6552584466497428e-01  -5.3437833200576645e-01  1.5990238542238111e-01  
q[2]:  7.1469792925941328e-02  -7.7580189950260359e-01  2.6698703269866131e-01  
q[3]:  1.4527181655124807e-01  -6.4454975055906871e-01  -2.8053012639451363e-01  
q[4]:  5.2349926214186986e-02  -8.9897695505422881e-01  -6.1375228351404222e-02  
q[5]:  4.9824174704814816e-02  -5.8895221829309929e-01  -6.6034033957620697e-01  
q[6]:  3.8396362830002806e-02  -3.2978574632292917e-01  8.4030595821950083e-01  
q[7]:  1.5179196366502395e-01  -3.2396263676653148e-01  5.5568763394061504e-01  
q[8]:  1.8630498348642183e-01  -6.9062856755114047e-02  1.6379281506738139e-01  
q[9]:  1.0363421931602883e-01  8.9363406297504278e-02  7.7316074739584473e-01  
q[10]: 1.8575455552338638e-01  -2.2811313319414694e-01  -2.1776734042922669e-01  
q[11]: 1.3188805986177496e-01  1.1415012150095635e-01  4.8308936096459321e-01  
q[12]: 4.2100605959061642e-02  4.6475774061378561e-01  7.9292888390039185e-01  
q[13]: 1.3099606388434698e-01  5.2060533289593380e-01  5.1033460852500134e-01  
q[14]: 1.6120923546436072e-01  4.0249560211722157e-01  1.4182234555403772e-01  
q[15]: 1.9043082414875159e-01  2.5822240466654833e-01  -2.5757572364292092e-01  
q[16]: 1.3544879174541372e-01  -2.7395937642102430e-01  -6.0208095600927758e-01  
q[17]: 1.0923023322997337e-01  1.1080605050533397e-01  -5.9160952585494375e-01  
q[18]: 4.6317330154273098e-02  -2.7774719405755544e-01  -8.4297354328268459e-01  
q[19]: 8.3970067432622739e-02  2.3116382369427593e-01  -7.8475787817505771e-01  
q[20]: 2.4769028048897197e-02  5.2327650756561228e-01  -7.8326858156283985e-01  
q[21]: 1.3115274470151286e-01  5.9074573178091783e-01  -4.6713938300164176e-01  
q[22]: 1.2835914326612177e-01  7.1238671039141443e-01  -2.7028868015544355e-02  
q[23]: 3.3506269530332748e-02  9.1560043583830508e-01  -1.1954337195246524e-01  
q[24]: 4.7872718240361906e-02  8.2618534240418473e-01  2.6752813920673457e-01  

