deg: 4
dim: 2
nodes: 7
q[0]: 3.4944743824418356e-01  -6.3583764581238977e-01  3.3333471988012425e-01  
q[1]: 3.6173073930264465e-01  -6.1441842360120613e-01  -3.6422346376130998e-01  
q[2]: 3.4940847150740539e-01  -4.3313386054504577e-02  7.2675446090142548e-01  
q[3]: 6.9377380504946107e-01  1.3379077244686913e-01  -3.0359764713802480e-02  
q[4]: 3.1228610800507861e-01  7.0828951429892425e-03  -7.5982473819265817e-01  
q[5]: 2.5683382164852753e-01  7.0931422361510199e-01  -3.8431230875714756e-01  
q[6]: 2.7459582759601503e-01  6.6414565309744422e-01  4.3111948668767830e-01  

