deg: 12
dim: 2
nodes: 32
q[0]:  2.6266679596204309e-02  -5.7782299653990410e-01  6.9224520868876571e-01  
q[1]:  9.2100205968809828e-02  -5.3689177938512678e-01  3.1823420335666869e-01  
q[2]:  5.8489404504900637e-02  -7.6069173429595593e-01  3.1092650384620762e-01  
q[3]:  1.0061454581077270e-01  -7.3675525724588964e-01  -6.4127042626139760e-02  
q[4]:  3.1513726319189160e-02  -9.2823954437462008e-01  -3.6824799779347391e-03  
q[5]:  4.5741958033522011e-02  -7.4187092677886568e-01  -3.9365425188787118e-01  
q[6]:  8.7384084770136983e-02  -4.1243476518679895e-01  6.2351535437409422e-01  
q[7]:  2.3356528430687955e-02  -3.6807149527944949e-01  8.4989713505532560e-01  
q[8]:  1.3498853796128568e-01  -3.8810079069030223e-01  5.3746046688952567e-02  
q[9]:  1.3724320371801252e-01  -1.3896635343492753e-01  4.3476584995964801e-01  
q[10]: 9.2825745575915483e-02  -4.1937837602387375e-02  7.7061024166786651e-01  
q[11]: 8.3036613320365216e-02  -4.6870250470249630e-01  -6.2813623723566436e-01  
q[12]: 1.2519851656904052e-01  -4.5393885834512149e-01  -3.1974516475585135e-01  
q[13]: 1.5637865942494369e-01  -1.0726091838642713e-02  3.3224703766228457e-02  
q[14]: 7.4560627868663298e-02  1.5545909459535809e-01  4.2407733798358277e-01  
q[15]: 1.0884091096057912e-01  3.3206762535485312e-01  6.1178630166613213e-01  
q[16]: 3.4028263594513004e-02  3.4532434351999652e-01  8.3736207583549116e-01  
q[17]: 1.4747300856760143e-01  3.7231205642560206e-01  1.6677477643245248e-01  
q[18]: 1.5659507906395859e-01  3.3233180717830119e-01  -2.6793860692351845e-01  
q[19]: 1.3393600420095214e-01  -7.7060891585584754e-02  -3.3913899681863735e-01  
q[20]: 9.3146592570376371e-02  -9.4469458581826912e-02  -6.2584229768907662e-01  
q[21]: 1.0552960656801580e-01  2.6955662306132622e-01  -6.3597046712540894e-01  
q[22]: 2.3134205384737108e-02  -4.8119732660833847e-01  -8.0849346333193339e-01  
q[23]: 5.2315182574998613e-02  -1.4570482178195754e-01  -8.2041469109632215e-01  
q[24]: 3.5521584536528192e-02  2.7675302272951641e-01  -8.3054640690160242e-01  
q[25]: 2.7696475142373510e-02  5.2104762872501875e-01  -7.6324576330832661e-01  
q[26]: 9.0951925353725996e-02  6.1971273475270006e-01  -4.6551979348102912e-01  
q[27]: 1.1894812521553741e-01  6.8406637045439478e-01  -6.5959259196141373e-02  
q[28]: 2.9985144145174874e-02  8.8480541304641136e-01  -1.6730684172267610e-01  
q[29]: 3.1336591740078149e-02  5.8110154196060626e-01  6.8688305800831240e-01  
q[30]: 3.6764127871256061e-02  8.9600567780174334e-01  1.1341396775882925e-01  
q[31]: 1.0217434599045942e-01  6.5745324542665029e-01  3.5592296932544110e-01  

