deg: 8
dim: 2
nodes: 17
q[0]:  2.4195261242814026e-01  -5.2241974888795017e-01  2.2360537765768013e-01  
q[1]:  7.0513388943695673e-02  -8.4399943799970301e-01  2.2542976166112638e-01  
q[2]:  2.1572973577847532e-01  -4.6207445169527511e-01  -3.4414936576990085e-01  
q[3]:  9.6636581568411706e-02  -8.1128362471136062e-01  -2.2585559726604879e-01  
q[4]:  8.7832551525750688e-02  -4.4665169502816388e-01  -7.5951205051637360e-01  
q[5]:  1.3271811265721295e-01  -4.3323817730483122e-01  7.2309487556546559e-01  
q[6]:  2.4871199592370394e-01  -3.8325069823113275e-02  5.0339867265026006e-01  
q[7]:  9.9822807872979036e-02  1.7909881938412645e-01  8.2161747523962125e-01  
q[8]:  2.0760589035049068e-01  4.3866144240309646e-01  3.1417295647671967e-01  
q[9]:  3.0951786573577628e-01  -2.4985730596162825e-02  -6.7866152168228056e-02  
q[10]: 1.6748624454048860e-01  3.1011577091416581e-01  -4.7116971184645601e-01  
q[11]: 1.7239074026670370e-01  -6.6208892431603883e-02  -6.5832005424164108e-01  
q[12]: 6.5015024062055393e-02  2.8363890626630944e-01  -8.4346265537758558e-01  
q[13]: 9.4097609542078922e-02  6.4466162396082660e-01  -5.3420776229388622e-01  
q[14]: 1.7349054529756325e-01  5.2889346662855508e-01  -1.0849325906509444e-01  
q[15]: 1.1734977565983709e-01  8.5295948911452879e-01  2.4555706414229887e-02  
q[16]: 9.7204729199952447e-02  5.9219139454397884e-01  6.0518463536891776e-01  

