deg: 13
dim: 2
nodes: 37
q[0]:  2.7427458931827357e-02  -5.5847836076046808e-01  7.0937433351281998e-01  
q[1]:  8.8503046678977529e-02  -5.5405098933155850e-01  4.7505887664500768e-01  
q[2]:  5.4241480006083587e-02  -7.3467428999275131e-01  1.6978980085988471e-01  
q[3]:  2.3389133953998498e-02  -8.0333854009644123e-01  3.1963848582177540e-01  
q[4]:  7.9406695161037752e-02  -7.0308950375082080e-01  -9.5707466390494156e-02  
q[5]:  3.3949637512383897e-02  -9.2117579314238174e-01  -3.8683768496139350e-03  
q[6]:  8.5807236929803646e-02  -5.5201400714427507e-01  -4.5415589889912661e-01  
q[7]:  3.4070771860014101e-02  -7.8811025676279745e-01  -3.1152409179224710e-01  
q[8]:  2.8965807941649650e-02  -5.6746275695241732e-01  -6.9151041573312433e-01  
q[9]:  2.7536038055527391e-02  -3.7080225828637003e-01  8.3492852560317043e-01  
q[10]: 9.8740852048514197e-02  -2.4297382823640309e-01  6.6322928333434705e-01  
q[11]: 1.0983155292908914e-01  -2.5706340485022811e-01  3.0588399302779468e-01  
q[12]: 9.5131681255834585e-02  -4.6748519999851551e-01  1.2686035451610847e-01  
q[13]: 4.8744110662785174e-02  1.5394439940072028e-02  8.1791215290156627e-01  
q[14]: 1.3635257707891826e-01  -3.5372304897550577e-01  -2.1443735018975058e-01  
q[15]: 1.2710329041806429e-01  5.8331547967236212e-02  4.5275959475846123e-01  
q[16]: 1.6832046438705586e-01  -2.7572691356428287e-03  -6.9695534275601213e-04  
q[17]: 8.4770313850327420e-02  2.6339223264461337e-01  6.7457012415576767e-01  
q[18]: 2.6445938795789020e-02  3.9522851784820501e-01  8.3253670585614492e-01  
q[19]: 1.3549735336265165e-01  3.5069259030721034e-01  2.0542053619555659e-01  
q[20]: 8.1272978304035348e-02  4.9807974561500046e-01  -1.0692509578529755e-01  
q[21]: 1.3135099504708697e-01  -4.3565678574893359e-02  -4.5027572129253851e-01  
q[22]: 1.2009956561088325e-01  2.8488586052452464e-01  -2.8290152116782180e-01  
q[23]: 8.8037524423765084e-02  -2.8005548540279795e-01  -6.5981006030081579e-01  
q[24]: 9.9645825500564097e-02  2.5424104604011011e-01  -6.5699759687206072e-01  
q[25]: 2.5936582597260394e-02  -3.8768986104711534e-01  -8.3509474899345271e-01  
q[26]: 5.4842074914657729e-02  -2.0768669917845439e-02  -8.0973419283278703e-01  
q[27]: 2.6146881346669412e-02  3.5819743213540561e-01  -8.3947857475825860e-01  
q[28]: 2.9026568209436256e-02  5.5010087969761223e-01  -7.1791971635839857e-01  
q[29]: 8.8711554913032342e-02  5.6566693913930388e-01  -4.6638781058152290e-01  
q[30]: 5.9842031799390842e-02  7.3985300760362860e-01  -1.3102973416237781e-01  
q[31]: 2.4410088611017650e-02  8.0500055537194748e-01  -3.1647139499729765e-01  
q[32]: 6.9392503174407316e-02  6.9890064264888330e-01  1.3151523717054830e-01  
q[33]: 3.3354625003372912e-02  9.2191827873648624e-01  6.6964193386831548e-03  
q[34]: 8.8366737472993687e-02  5.3286327914972831e-01  4.6625466335174698e-01  
q[35]: 3.4746650441799351e-02  7.8418972088709860e-01  3.1498051950287570e-01  
q[36]: 2.8657582162610312e-02  5.7268869035412973e-01  6.8352840870126841e-01  

