deg: 3
dim: 2
nodes: 4
q[0]: 5.2037998564220289e-01  -7.2023270825585162e-01  -3.6507118300602312e-02  
q[1]: 7.7865812003445467e-01  -2.9844508917584930e-02  5.8878904950225786e-01  
q[2]: 7.7865812003445500e-01  2.9844508917584899e-02  -5.8878904950225797e-01  
q[3]: 5.2037998564220322e-01  7.2023270825585151e-01  3.6507118300602354e-02  

