deg: 7
dim: 2
nodes: 14
q[0]:  1.5739273912781351e-01  -8.1972842842068117e-01  1.0278494861989979e-01  
q[1]:  1.3299930030783597e-01  -6.6051746417583290e-01  -4.8561971813201804e-01  
q[2]:  1.7260349571871625e-01  -4.4487674460366244e-01  6.8838912515066042e-01  
q[3]:  2.2716546015815803e-01  -3.9916840077508292e-01  2.0552948688516298e-01  
q[4]:  2.2861050929439106e-01  -3.7176881298338293e-01  -2.2930703449522583e-01  
q[5]:  2.5543744895804926e-01  1.4776193789157109e-02  4.2236789004368858e-01  
q[6]:  1.4467477735929654e-01  2.0046588208432106e-01  7.9660216875161760e-01  
q[7]:  2.4593930546667137e-01  3.7053609619139954e-01  1.3668439039481567e-01  
q[8]:  2.8482520363074437e-01  6.9827717401660300e-02  -3.8850139717587362e-01  
q[9]:  1.5684670508302218e-01  -2.0109624013015953e-01  -7.8821845263913826e-01  
q[10]: 1.6489100677539684e-01  4.4538560355914003e-01  -6.9358233696254645e-01  
q[11]: 1.4182146966883474e-01  5.2007007976679576e-01  -2.2366930021419476e-01  
q[12]: 1.3564194384879869e-01  8.3442737105521958e-01  -9.6319465092527493e-02  
q[13]: 1.4922684595558711e-01  6.4792892598092566e-01  4.8253408317153729e-01  

