deg: 15
dim: 2
nodes: 48
q[0]:  4.3233549430155602e-02  -5.1528091844808643e-01  7.0260592871207495e-01  
q[1]:  7.5491209499226844e-02  -5.5873692630003069e-01  4.3212654593022631e-01  
q[2]:  1.6211982805107255e-02  -7.2817264508205748e-01  4.5911788176407942e-01  
q[3]:  7.0345147058710880e-02  -6.5023583903288684e-01  9.0415588338301822e-02  
q[4]:  3.6204890652630661e-02  -8.0070498533920442e-01  2.1939602221394777e-01  
q[5]:  6.9279881576669977e-02  -6.9345341662908255e-01  -2.1951322430801934e-01  
q[6]:  3.2608927193851105e-02  -8.6570452512954521e-01  -2.2690418613630862e-03  
q[7]:  9.2980850038201536e-03  -9.6178801245384815e-01  3.0956451496339122e-02  
q[8]:  1.7954099450675064e-02  -8.6125054189800299e-01  -2.2110192702357853e-01  
q[9]:  4.9308259014598642e-02  -6.3288949861249832e-01  -5.1887864249414095e-01  
q[10]: 1.1789672179077927e-02  -5.4378669872085394e-01  -7.6234652378496137e-01  
q[11]: 4.9453365613111198e-03  -4.8780838799445897e-01  8.5592788440058754e-01  
q[12]: 3.8654959371400538e-02  -2.7186478832587296e-01  8.1968835957155528e-01  
q[13]: 9.1188791524548743e-02  -2.6284953752058410e-01  5.9042010380881182e-01  
q[14]: 6.9791116410635984e-02  -3.9974803623177568e-01  2.2613815949190633e-01  
q[15]: 8.0445649049853379e-02  -4.2710261588779186e-01  -6.8919246455080865e-02  
q[16]: 9.8909047906761971e-02  -1.6291813482465575e-01  2.8280783450532426e-01  
q[17]: 6.2274227681939777e-02  2.0833493006616653e-02  7.3799992531411052e-01  
q[18]: 2.0578297901637430e-02  1.3175709503921543e-01  8.4892885751196634e-01  
q[19]: 9.1106875431858372e-02  -4.2114799236144018e-01  -3.7370832006817117e-01  
q[20]: 1.0348930350335125e-01  1.0559150305068429e-01  4.8148997836047086e-01  
q[21]: 1.1656848396048478e-01  -1.3679127392040877e-01  -1.1123168358657601e-01  
q[22]: 7.1114942703554243e-02  3.6388561283578874e-01  6.7424613804257538e-01  
q[23]: 1.9314757918776189e-02  4.1304625536668160e-01  8.2849950653542381e-01  
q[24]: 9.1748755664577450e-02  4.2104161599726742e-01  3.7205974794504504e-01  
q[25]: 1.1663445489911983e-01  1.3748648855360907e-01  1.1199212233413389e-01  
q[26]: 8.1226669032501850e-02  4.2852664784550221e-01  6.3984202798263223e-02  
q[27]: 9.9957958916261205e-02  1.6519778459290074e-01  -2.8154761987556604e-01  
q[28]: 6.8522166378716526e-02  4.0387913786007290e-01  -2.2920564321821749e-01  
q[29]: 1.0375389109011589e-01  -1.0537708031577733e-01  -4.8033210128872800e-01  
q[30]: 9.1093764839678945e-02  2.6178406226688028e-01  -5.9111553985446474e-01  
q[31]: 7.0924112037818302e-02  -3.6355668786409140e-01  -6.7445576939770702e-01  
q[32]: 6.1962916567143290e-02  -2.2062652111628771e-02  -7.3735157435903220e-01  
q[33]: 1.8814594357598274e-02  -4.0655870993835408e-01  -8.3033374525541337e-01  
q[34]: 2.0527721272494730e-02  -1.2633108549968708e-01  -8.4849863446728468e-01  
q[35]: 3.8811416771444368e-02  2.7264310755075372e-01  -8.1927097349103706e-01  
q[36]: 4.8786808313726112e-03  4.8740576589472823e-01  -8.5658760488200292e-01  
q[37]: 4.2920594599725366e-02  5.1584907468220342e-01  -7.0295775637267977e-01  
q[38]: 7.4983184433610711e-02  5.5812597729348290e-01  -4.3478400865161321e-01  
q[39]: 1.5797861888334624e-02  7.2844340307133648e-01  -4.5945908381776751e-01  
q[40]: 6.9780570663014990e-02  6.5327885132606234e-01  -9.3170182726697179e-02  
q[41]: 3.4972881657409749e-02  7.9902521986871555e-01  -2.2556398964440391e-01  
q[42]: 6.9509882253960723e-02  6.9373557186668244e-01  2.1693051187601270e-01  
q[43]: 3.3133261242403511e-02  8.6738372560253341e-01  -4.9738365499274843e-03  
q[44]: 8.7737090607656557e-03  9.6335050890215590e-01  -3.0864867972005456e-02  
q[45]: 1.8590926234305430e-02  8.6143372405468732e-01  2.1837396107119664e-01  
q[46]: 4.9602257687031553e-02  6.3329205633228469e-01  5.1714027559990050e-01  
q[47]: 1.1046485183272409e-02  5.4896238091439276e-01  7.5794494850874183e-01  

