deg: 11
dim: 2
nodes: 28
q[0]:  3.5665181161412256e-02  -5.7081562099830974e-01  6.9810614145280125e-01  
q[1]:  9.8860424642534278e-02  -6.7763668021705459e-01  3.4558302141750463e-01  
q[2]:  1.2883201616321591e-01  -6.3754483529170913e-01  -3.4272744556526812e-02  
q[3]:  4.5949371085929794e-02  -9.0550962849695005e-01  5.4228303287597965e-02  
q[4]:  5.5727935294495830e-02  -7.9284939351557537e-01  -2.8346097537474263e-01  
q[5]:  1.3583428291227098e-01  -3.3027078565329476e-01  5.4599466218136616e-01  
q[6]:  5.1434518881780467e-02  -2.9896022848184312e-01  8.2407831794896935e-01  
q[7]:  9.1711167946789768e-02  -3.4031465047567544e-01  2.1381238827642440e-01  
q[8]:  1.2759775203406470e-01  8.5940118984406760e-02  7.1131989470763035e-01  
q[9]:  2.4018190346468501e-02  2.9114715877371428e-01  8.6312333924989160e-01  
q[10]: 5.5049063103046851e-02  -5.2606046309746857e-01  -7.0704513840348771e-01  
q[11]: 1.4554400275196738e-01  -4.6203102420779713e-01  -4.4380052412020443e-01  
q[12]: 1.3804902820413706e-01  -2.5114853891180899e-01  -2.5411108546143493e-02  
q[13]: 1.6476517114855649e-01  5.6102641697374951e-02  3.3358889760943927e-01  
q[14]: 5.5049063103046650e-02  5.2606046309746923e-01  7.0704513840348748e-01  
q[15]: 1.4554400275196638e-01  4.6203102420779707e-01  4.4380052412020587e-01  
q[16]: 1.3804902820414450e-01  2.5114853891181477e-01  2.5411108546138213e-02  
q[17]: 1.6476517114854380e-01  -5.6102641697375784e-02  -3.3358889760944449e-01  
q[18]: 9.1711167946768382e-02  3.4031465047567588e-01  -2.1381238827641791e-01  
q[19]: 1.2759775203406498e-01  -8.5940118984406649e-02  -7.1131989470763024e-01  
q[20]: 1.3583428291227284e-01  3.3027078565329526e-01  -5.4599466218136172e-01  
q[21]: 2.4018190346468588e-02  -2.9114715877371289e-01  -8.6312333924989171e-01  
q[22]: 5.1434518881781320e-02  2.9896022848184306e-01  -8.2407831794896824e-01  
q[23]: 3.5665181161411985e-02  5.7081562099831051e-01  -6.9810614145280114e-01  
q[24]: 9.8860424642534056e-02  6.7763668021705470e-01  -3.4558302141750441e-01  
q[25]: 1.2883201616321618e-01  6.3754483529170713e-01  3.4272744556527748e-02  
q[26]: 4.5949371085929912e-02  9.0550962849694994e-01  -5.4228303287598000e-02  
q[27]: 5.5727935294495913e-02  7.9284939351557582e-01  2.8346097537474207e-01  

