deg: 9
dim: 2
nodes: 21
q[0]:  1.2749718134483828e-01  -6.8285801634031351e-01  3.8267924547735549e-01  
q[1]:  1.6807620873683113e-01  -7.3139492255108862e-01  -1.1645883564690419e-01  
q[2]:  2.2266056636065630e-02  -9.6837035524953996e-01  2.1428103750169720e-04  
q[3]:  7.9399456254038103e-02  -5.9750344790701770e-01  -6.1121492023685597e-01  
q[4]:  5.5620025316783769e-02  -4.3661740059623683e-01  7.9512348965253321e-01  
q[5]:  1.7807019475329136e-01  -2.0807695675262405e-01  6.3520830063918166e-01  
q[6]:  2.3336463068735666e-01  -3.3589266305408455e-01  1.8046214207290401e-01  
q[7]:  2.2284129784619475e-01  -3.2286998328979499e-01  -3.8259785903319793e-01  
q[8]:  8.3160931130571825e-02  2.0748215260143157e-01  8.2223458791986537e-01  
q[9]:  2.3846396431617015e-01  2.4976503077915996e-01  4.2335630941857594e-01  
q[10]: 1.9844913265437314e-01  4.9054068085358803e-02  -3.3603471210921089e-02  
q[11]: 1.8653168694409791e-01  3.7959081543173512e-01  -1.8501557327893292e-01  
q[12]: 1.6608977051025287e-01  8.5269397100987562e-02  -5.9509285880153184e-01  
q[13]: 7.3365050152426739e-02  4.5225929212520899e-01  -5.6293024446822837e-01  
q[14]: 8.4909789060154575e-02  -2.4863271939455395e-01  -8.1312865200407203e-01  
q[15]: 5.8901555133864643e-02  3.1216229167704246e-01  -7.9852124238749633e-01  
q[16]: 1.9694594378365134e-02  5.3811506711656165e-01  -7.7307978470197025e-01  
q[17]: 1.0571132297629174e-01  7.1941181046116420e-01  -3.3142732587140533e-01  
q[18]: 1.7393302957907852e-01  6.8275654806072850e-01  1.6411714625825594e-01  
q[19]: 3.7198589348457205e-02  9.3269912883082839e-01  3.5180776439439343e-02  
q[20]: 8.4531743593811881e-02  5.7490062028415689e-01  6.3391932423487729e-01  

