deg: 6
dim: 2
nodes: 11
q[0]:  1.7100679795173504e-01  -6.0204306499082116e-01  5.1151963917635113e-01  
q[1]:  1.0729925394934940e-01  -8.8474627494304081e-01  -8.4151427301548495e-02  
q[2]:  2.6055369914059712e-01  -4.3517026868252978e-01  -6.2366783234309009e-01  
q[3]:  1.7359277003678678e-01  -1.6641746420375311e-01  7.6992916540851009e-01  
q[4]:  4.1114149227296271e-01  -4.3257337894899467e-01  9.3886938618111138e-03  
q[5]:  4.1153212946653972e-01  1.8282070487865004e-01  3.7471673048843146e-01  
q[6]:  1.1222358016287416e-01  4.8465179192057284e-01  7.3670368084147742e-01  
q[7]:  4.3165520406212016e-01  1.9783213080831208e-01  -3.3459465985586934e-01  
q[8]:  1.3319149395671837e-01  1.7516945231844866e-01  -8.2308566510523395e-01  
q[9]:  1.3085888164777343e-01  6.7757105842896292e-01  -4.8851847032804857e-01  
q[10]: 2.5502090870585908e-01  7.4892108013357617e-01  1.0839036746742889e-01  

