deg: 1
dim: 2
nodes: 1
q[0]: 2.5980762113533160e+00  -2.7701365507004638e-17  -6.1582683397176652e-17  

