deg: 2
dim: 2
nodes: 3
q[0]: 7.2751412636712354e-01  -7.3029557823383651e-01  -4.8256266909871316e-02  
q[1]: 9.3741706322802831e-01  2.4864605821647998e-01  5.5429518662354793e-01  
q[2]: 9.3314502175816405e-01  3.1958086359413862e-01  -5.1921045373049124e-01  

