deg: 3
dim: 6
nodes: 14
efficiency: 0.857143

q[0]:  1.2603335926435108e-02  2.3925125234270556e-01  7.3739289167678712e-01  3.7557377457531704e-01  3.4093226924463832e-01  3.1035833553808506e-01  1.4881991239737180e-01  
q[1]:  1.4120726513542767e-02  3.0426339956214904e-01  3.4564989089875223e-02  2.3123359415032751e-02  7.7077672134289310e-01  5.4690063453589677e-01  2.7399788206754855e-01  
q[2]:  1.3825423818710039e-02  3.9851340282778125e-01  5.9239621277420396e-01  4.5157179341880677e-01  8.7648654688022343e-01  4.9634901420822897e-01  4.8899774459609469e-01  
q[3]:  1.0420219588350177e-02  8.2039202995618801e-02  2.2577142207162598e-01  8.4562947619196771e-01  5.9408604189766334e-01  1.4804535579411207e-01  6.9913608240963321e-02  
q[4]:  7.6655308599812176e-03  1.0021490707701262e-01  3.0067801282065471e-01  9.6556560000765901e-01  9.2817141091259381e-01  9.0219782948646143e-01  4.5579457347112801e-01  
q[5]:  1.0428690222562707e-02  2.8214772471595730e-02  9.2952635600213873e-01  2.7486965671015212e-01  9.0967532598821199e-01  6.0277985277736079e-01  2.5064897792040020e-01  
q[6]:  8.9814956676007446e-03  4.8747765714953684e-01  5.1140068823550611e-01  4.9402448576127156e-01  9.9090833813216572e-01  2.1531677004495242e-01  4.3444327166357398e-02  
q[7]:  1.1235912825303661e-02  5.1355421560483183e-01  4.8765986619015061e-01  5.0646791174053174e-01  8.0556032124592092e-01  7.6469285269021492e-01  7.1935011745818644e-01  
q[8]:  1.2751796992651781e-02  8.3114392043777741e-01  1.9851739062911339e-01  6.5801797117951222e-01  4.1150365229852870e-01  3.3319219263773675e-01  1.7754361911804387e-01  
q[9]:  2.0955010716874705e-02  5.3458061886992159e-01  4.6851684549490907e-01  5.1650146325722346e-01  8.2915022305145802e-01  6.8276779203221438e-01  3.2074088168258859e-02  
q[10]: 1.0844806400303823e-02  8.5612304151220342e-01  6.7755327442446389e-01  8.5280590914578666e-02  5.9128736691806483e-01  1.4172772606627224e-01  6.6681035064600297e-02  
q[11]: 1.0685350270166361e-02  9.3326989540557259e-01  1.0553907057681451e-01  7.0675128129979525e-01  9.6574659613683667e-01  5.7626186893731690e-01  3.2840052844189543e-01  
q[12]: 7.4132906623249843e-03  9.6819218785496453e-01  8.0718593416620177e-01  1.1283206031453129e-01  9.2465201924259688e-01  8.9425327944032729e-01  4.5172954584466879e-01  
q[13]: 1.4735076201858566e-02  6.9297761133481928e-01  9.5887451011263514e-01  9.7015486524034045e-01  7.2951613521869807e-01  4.5376044948886074e-01  2.2634037809928842e-01  

