deg: 1
dim: 6
nodes: 1
efficiency: 1

q[0]: 1.6666666666666666e-01  5.0000000000000000e-01  5.0000000000000000e-01  5.0000000000000000e-01  7.5000000000000000e-01  5.0000000000000000e-01  2.5000000000000000e-01  

