deg: 2
dim: 6
nodes: 7
efficiency: 0.571429

q[0]: 2.5126292501150452e-02  2.0991251143707659e-01  1.7899979760341600e-01  1.2058163769389592e-01  8.0022219192366839e-01  6.8410845457306335e-01  1.9110385309015923e-01  
q[1]: 2.3585036496105757e-02  3.1939392420912921e-01  2.8397708950399697e-01  7.1101469771632830e-01  8.0793488582985207e-01  1.5298433212936940e-01  4.9169635400238762e-02  
q[2]: 2.6943477752551365e-02  7.4698081462606175e-02  8.8082312109451699e-01  6.9306116703842235e-01  7.4639653284445318e-01  6.1016358854894004e-01  4.1081059708693762e-01  
q[3]: 2.1550423457467664e-02  7.5152893544604615e-01  9.2389323419068081e-02  7.4624849922889980e-01  8.1639244379374432e-01  7.1522590178274326e-01  5.9524564999523744e-01  
q[4]: 2.1550829578099787e-02  6.6044220259008291e-01  5.2330991136770910e-01  4.2392924441772711e-01  2.6335396104938308e-01  1.4642696639796640e-01  5.9073246496225799e-02  
q[5]: 2.6199859617383740e-02  7.6653819593410044e-01  7.7281100787568158e-01  7.7342080468218957e-02  9.0458694889306723e-01  4.9609794120225287e-01  3.5890801383844845e-01  
q[6]: 2.1710747263907919e-02  8.2914831161271363e-01  6.8580560663359325e-01  8.1141511053398419e-01  8.6402096107063542e-01  6.6922680407529778e-01  5.2157977287602693e-02  

