deg: 2
dim: 4
nodes: 5
efficiency: 0.6

q[0]: 4.7726297070912346e-02  2.0255818672451659e-01  1.2570355593712923e-01  7.3505633964376715e-01  4.7212184808026186e-01  
q[1]: 5.0671256965652001e-02  6.9038558473949951e-01  1.1474550763418041e-01  7.7495529422296405e-01  6.8755036433217995e-02  
q[2]: 4.7659092176249120e-02  8.8366882876844288e-01  2.5389477410737332e-01  7.8604372020737634e-01  7.0217006141448413e-01  
q[3]: 4.9960813866104806e-02  7.1734106278800625e-01  3.8909280387371997e-01  1.9916069598855207e-01  9.2013291538920114e-02  
q[4]: 5.3982539921081721e-02  8.1624191243293587e-01  7.4060763798892215e-01  8.3183988886964144e-01  3.5668857107143853e-01  

