deg: 3
dim: 4
nodes: 8
efficiency: 0.875

q[0]: 2.9998050604280155e-02  3.1183321271473857e-01  2.8570215905580365e-01  4.0025316221269402e-01  2.0012658110634704e-01  
q[1]: 2.6092181260992612e-02  2.4529451595568660e-01  3.9952311456812509e-02  9.0790103515371667e-01  4.5395051757685828e-01  
q[2]: 2.8492389573693249e-02  6.6771462380001767e-01  4.2585134853873066e-02  3.2874566139934036e-01  1.6437283069967024e-01  
q[3]: 3.7936458703262739e-02  6.6666666666666663e-01  3.3333333333333331e-01  7.9999999999999993e-01  2.9472034587711356e-02  
q[4]: 3.0494540156217900e-02  9.5682110487190919e-01  1.8019356308838025e-01  8.4032848344243605e-01  4.2016424172121802e-01  
q[5]: 3.0126842015392619e-02  9.3282961949916909e-01  6.4584274376194462e-01  3.2889631968129152e-01  1.6444815984064581e-01  
q[6]: 2.8923078982897994e-02  8.3062556760667483e-01  7.6976367883663055e-01  8.7720993207925502e-01  4.3860496603962745e-01  
q[7]: 3.7936458703262732e-02  6.6666666666666674e-01  3.3333333333333337e-01  7.9999999999999993e-01  7.7052796541228852e-01  

