deg: 4
dim: 4
nodes: 16
efficiency: 0.875

q[0]:  6.6025254010503029e-03  8.3658165608940169e-02  2.0556867974383077e-02  3.3943256399541988e-01  2.3888961720134957e-01  
q[1]:  1.0397549534564173e-02  2.3229626935722614e-01  2.1397092156444936e-01  9.4871197261834450e-01  2.4855772910128851e-01  
q[2]:  6.0663364603266590e-03  2.2684398699943858e-01  9.5251695004664308e-02  9.4330978150283551e-01  8.5916003905091975e-01  
q[3]:  2.2299451146653618e-02  4.0397209042562848e-01  1.3609999405742332e-01  5.8091445741001468e-01  6.3271348285663123e-02  
q[4]:  4.5526504295510702e-02  5.3721347581561896e-01  3.6414591937220653e-01  6.4353265326487119e-01  4.6512362410638153e-01  
q[5]:  1.5192376799074672e-02  4.9769163745913308e-01  6.0291734728615551e-03  8.7517723058342423e-01  4.9557338262654849e-01  
q[6]:  8.7952841451499671e-03  6.2649021477209665e-01  5.8196852581263470e-01  1.4637085810045405e-01  7.2234178520285209e-03  
q[7]:  1.3345025779974653e-02  7.6656912089146434e-01  2.4497945247757941e-01  9.3174590234039478e-01  6.2750259836866842e-02  
q[8]:  1.5699781389664946e-02  7.0631841036252085e-01  1.2789747017283254e-01  2.1679946971809613e-01  1.7211677702086858e-01  
q[9]:  1.1901749176764464e-02  9.3682261918308896e-01  3.5707145689877436e-02  6.8368722094089629e-01  2.5402909056005540e-01  
q[10]: 1.2620091047894128e-02  8.6154114701803031e-01  1.9496968751942081e-01  7.9503805301504893e-01  7.7960142781176267e-01  
q[11]: 2.0349151411181477e-02  9.2572873115635490e-01  4.0737393812637257e-01  4.1752883963011900e-01  1.1190582538383442e-01  
q[12]: 2.0676184160666956e-02  8.8082157684595019e-01  4.0533557732591741e-01  9.4190297794817635e-01  5.3023825083866805e-01  
q[13]: 1.0345946610135661e-02  9.9409539169734129e-01  8.2596963877615004e-01  4.6027313378081242e-01  3.8617219262566488e-01  
q[14]: 2.2428795224664882e-02  8.4043968769972310e-01  7.3505562474716724e-01  7.9050914032803854e-01  1.6605805304929735e-01  
q[15]: 7.7532474167227600e-03  8.0735023406004724e-01  7.3601327936985661e-01  9.7142899840011265e-01  8.2790501558206275e-01  

