deg: 5
dim: 4
nodes: 27
efficiency: 0.962963

q[0]:  7.6133233601482315e-03  3.0226594391726908e-01  2.1318185583151045e-01  1.9246297155681516e-01  9.7772924287113538e-02  
q[1]:  5.2596844758243935e-03  1.2207924164943310e-01  3.2309587070171689e-02  6.4590827833223630e-01  8.2972966015008226e-02  
q[2]:  7.9663283416851038e-03  1.6990532350892226e-01  8.4227527775418629e-02  6.2205659405595548e-01  4.9584314745037089e-01  
q[3]:  8.3528112842822088e-03  2.5022719319213360e-01  1.2655546921315178e-01  9.4464292271161288e-01  4.4764022291968164e-01  
q[4]:  5.1824983289224117e-03  3.0642091646511421e-01  1.7472612279761829e-01  9.2143843140893755e-01  8.3329900185787709e-01  
q[5]:  1.0135400755241542e-02  4.6564813950184586e-01  2.9309979966645503e-02  3.4272732452807875e-01  1.8811708968547733e-01  
q[6]:  2.6257694141565480e-02  6.1921277770683003e-01  1.8965371594962668e-01  7.5940318868943901e-01  3.4261781312107348e-01  
q[7]:  5.3450517723780521e-03  5.2280915455287769e-01  2.7843841906248896e-02  9.1415278376524522e-01  1.0442560310813138e-01  
q[8]:  6.1529224775527490e-03  5.5089156960364871e-01  3.7456691324760379e-02  8.9842618605978741e-01  7.7347570583188940e-01  
q[9]:  1.6812794965469585e-02  5.9311021881162063e-01  3.6289919901408141e-01  5.1090007448792296e-01  5.8050397364071075e-02  
q[10]: 1.6426067345180373e-02  6.8111796172722694e-01  3.5715004020945346e-01  5.5966805527952934e-01  5.3071225406651357e-01  
q[11]: 1.2373135624337589e-02  8.1504476542172155e-01  5.0169839842464203e-01  9.7583931186838546e-01  5.4977852092120716e-01  
q[12]: 1.4078175957942004e-02  5.3558792284716805e-01  5.1786068587892342e-01  6.6180884098497339e-01  3.5784286799709047e-01  
q[13]: 6.8407700036044001e-03  4.1207118981707286e-01  3.1963660548807338e-01  9.2957116959144315e-01  9.1776969899267993e-02  
q[14]: 7.0037879561672487e-03  8.3464413683441696e-01  2.7569013089045796e-01  1.2593545736238090e-01  2.9250385319917582e-02  
q[15]: 7.7271937734885270e-03  8.7788968070950124e-01  7.3877821668280413e-02  5.5816890825163989e-01  6.8758321976743406e-02  
q[16]: 6.1779223673929561e-03  9.1147071298442806e-01  8.4412939724769820e-02  3.8418262111303697e-01  3.1193601003304849e-01  
q[17]: 5.5431007784609481e-03  9.3385012133842582e-01  1.2347391157476623e-01  9.4811592906340492e-01  2.7037001416953776e-01  
q[18]: 9.4782562667564720e-03  8.9233339163885439e-01  1.0576224790541208e-01  8.4133761443849708e-01  6.4885311045203897e-01  
q[19]: 9.9946585523826119e-03  8.3382023736500821e-01  7.0715680857366747e-01  2.4587562811246144e-01  1.6977082459177462e-01  
q[20]: 1.6231396196710927e-02  9.7400301799435451e-01  5.0131315609330152e-01  5.7495509297238345e-01  2.7926199813658042e-01  
q[21]: 7.6609036063828104e-03  8.7689727413032748e-01  4.0710869361050916e-01  8.7430649407007532e-01  3.9996140585967656e-02  
q[22]: 3.7247374418921024e-03  9.4397979951369604e-01  4.1400885857728642e-01  9.1916981215329552e-01  8.9254896788405835e-01  
q[23]: 3.7061677313301243e-03  9.2934755558916604e-01  8.4117781711778072e-01  4.3663813035690158e-01  2.4484906986915019e-02  
q[24]: 7.0754706129008615e-03  9.5748834918924930e-01  8.6910633327612985e-01  7.6519421030306878e-01  6.0911825011933163e-01  
q[25]: 1.0437040545874779e-02  8.7061984984161467e-01  7.7166199827904758e-01  8.7276518092503064e-01  1.8404056489466106e-01  
q[26]: 6.4427053361254816e-03  6.7489962577811047e-01  5.7450850147235777e-01  9.2670076859715445e-01  8.1784019643573469e-01  

