deg: 1
dim: 4
nodes: 1
efficiency: 1

q[0]: 2.5000000000000000e-01  6.6666666666666663e-01  3.3333333333333331e-01  6.6666666666666663e-01  3.3333333333333331e-01  

