deg: 3
dim: 2
nodes: 4
q[0]: 3.1454313015501301e-01  9.4773114172878148e-02  4.5640019972896861e-01  
q[1]: 2.7845565085897195e-01  5.9627412893651566e-01  4.1803880033564234e-01  
q[2]: 4.4958043442939205e-01  5.4752975024206485e-01  -3.5670163370052810e-01  
q[3]: 3.8400555899935312e-01  -1.2325984105992509e-01  -5.9330795330096531e-01  

