deg: 2
dim: 2
nodes: 3
q[0]: 7.1658951852079922e-01  3.5803461713368079e-01  3.6257077364290979e-01  
q[1]: 4.3616771542746063e-01  5.2527061155372679e-01  -5.3117272092932466e-01  
q[2]: 2.7382754049447033e-01  -3.3231721289078764e-01  -5.7105591970753888e-01  

