deg: 11
dim: 2
nodes: 30
q[0]:  6.4422108852567828e-02  5.7129214471282830e-02  1.9362373310421485e-01  
q[1]:  1.1007203082026412e-01  3.0339106520039982e-01  2.1041940420457322e-01  
q[2]:  1.7679456805372713e-02  9.3054857110104559e-03  5.9555032949730302e-01  
q[3]:  6.7262748348382723e-02  1.5024586097090198e-01  5.5294521707167998e-01  
q[4]:  6.0560748214629624e-02  4.6920660679818799e-01  4.0833469617089224e-01  
q[5]:  2.6546649073512701e-02  6.5710081490136560e-02  8.3077008472011793e-01  
q[6]:  5.1548367113931057e-02  3.1869610866138059e-01  6.6324349656644843e-01  
q[7]:  5.8371975626526337e-02  7.0158616249337280e-01  3.2570041630866819e-01  
q[8]:  3.6189973857291991e-03  7.4459255749645004e-03  9.5786508035205054e-01  
q[9]:  1.1430560308769570e-02  1.7290455248294195e-01  8.6569443026156490e-01  
q[10]: 2.2591832183936494e-02  5.7002316038994483e-01  5.6744517194696598e-01  
q[11]: 1.6018399655903372e-02  8.6861399139836504e-01  3.4324754075579716e-01  
q[12]: 1.3067084217353375e-01  3.6375639730936044e-01  -1.9984643669597907e-01  
q[13]: 6.3618488873463441e-02  5.8688394433183233e-01  9.1442186772099088e-02  
q[14]: 7.2950271474700540e-02  6.9217607795256675e-01  -9.6287710502176244e-02  
q[15]: 8.0342785386511018e-02  5.1152915508845409e-01  -4.9633996761785820e-01  
q[16]: 2.9633012034836377e-02  8.6200876793823611e-01  1.2946314380409807e-01  
q[17]: 2.8913979430557787e-02  7.1149233766235054e-01  -3.6762625003358906e-01  
q[18]: 2.7929643824973895e-02  5.6757525909485895e-01  -7.1942141470718757e-01  
q[19]: 1.0197869105532859e-01  5.3907584535375065e-02  -1.8899859604605634e-01  
q[20]: 8.9382516757762001e-02  -1.4866982178958440e-03  -5.1416475557408425e-01  
q[21]: 3.0732784530681779e-02  -2.0354385688303139e-01  -3.2774061007848265e-01  
q[22]: 5.9455307185325254e-02  2.6923823818391973e-01  -5.6791219112013014e-01  
q[23]: 4.2841079547175476e-02  -2.8379492616557306e-01  -5.3964770025168540e-01  
q[24]: 4.2263634330549922e-02  1.0958822175194476e-01  -7.1823709773991185e-01  
q[25]: 4.3584904328058310e-02  -2.8341559744993655e-01  -7.2158559220066298e-01  
q[26]: 1.4660353848143716e-02  -4.8019554092632216e-01  -6.9123465811126716e-01  
q[27]: 2.9582276781744302e-02  3.5078846614286652e-01  -7.7449152978094005e-01  
q[28]: 1.9781596220147878e-02  -9.9442186163524252e-02  -7.8861035319797712e-01  
q[29]: 8.1387322697103956e-03  -4.9719931483754831e-01  -8.0284913420126769e-01  

