deg: 4
dim: 2
nodes: 7
q[0]: 2.7232174791347913e-01  9.1671041427342254e-02  1.2035599883019517e-01  
q[1]: 8.6681331572378797e-02  7.9589743882226324e-02  7.9983579524167170e-01  
q[2]: 2.3791031492040704e-01  5.1137849233675570e-01  4.6916528319382556e-01  
q[3]: 2.5126528158725009e-01  7.2246850403011242e-01  -5.7602470294117497e-02  
q[4]: 3.1973470384256836e-01  1.2409762890244294e-01  -4.5691862134027472e-01  
q[5]: 1.4728340401329673e-01  4.1810094404286124e-01  -6.9904968362852082e-01  
q[6]: 1.1138799059335006e-01  -3.7384417006287063e-01  -7.0418546629156720e-01  

