deg: 13
dim: 2
nodes: 37
q[0]:  4.0479875576226718e-02  4.9917613487400640e-02  3.9377325301880223e-01  
q[1]:  7.6142362106096192e-02  1.7945513361709423e-01  1.4857243525457556e-01  
q[2]:  5.5450252290635514e-02  2.0102429386074483e-01  4.8751045394237164e-01  
q[3]:  9.1772959140559066e-02  4.3844044965302970e-01  1.7383992040155508e-01  
q[4]:  1.4660462227143992e-02  1.7493976545489596e-02  6.9310482687246067e-01  
q[5]:  5.9406797711478089e-02  4.0117597540596284e-01  4.8193454845540634e-01  
q[6]:  5.0421056302700828e-02  6.7067164061828888e-01  3.0814958401513698e-01  
q[7]:  3.2672675909419122e-02  1.1019305957322391e-01  7.4309224226208925e-01  
q[8]:  3.0736949016224303e-02  2.7806830329426419e-01  7.3001076569163503e-01  
q[9]:  2.6322627051560975e-02  6.1519659191477660e-01  4.8769568597628704e-01  
q[10]: 9.1960594043795398e-03  2.4704866971795018e-02  9.2429362764194134e-01  
q[11]: 7.9797462142687636e-03  1.2817154669639219e-01  8.9450328858555539e-01  
q[12]: 1.3666113265177008e-02  4.7354759646092620e-01  6.3440281682944732e-01  
q[13]: 1.4541905516249658e-02  8.2767078640666891e-01  3.7630209407207660e-01  
q[14]: 8.3452700524527620e-02  1.7870043680129580e-01  -1.5772587919120259e-01  
q[15]: 9.3212313595846447e-02  5.0988332252027457e-01  -1.3282726185337823e-01  
q[16]: 6.1946193582900877e-02  4.4274871645324554e-01  -5.2961448797474686e-01  
q[17]: 5.7235569434336171e-02  7.4297599200713138e-01  8.2933788665311092e-02  
q[18]: 5.2301692088271352e-02  6.4593314107645161e-01  -3.1984316866855805e-01  
q[19]: 2.9097707182142340e-02  5.0317763235281121e-01  -7.0601075388417034e-01  
q[20]: 1.8834460830809766e-02  8.9330435406950237e-01  2.3034885065261151e-01  
q[21]: 2.1462068946768550e-02  7.9706032210313216e-01  -1.0823728614743178e-01  
q[22]: 1.9874891963552448e-02  6.5294661649939656e-01  -5.4181152489994033e-01  
q[23]: 3.7286703493111882e-02  -2.3434881952947090e-02  -4.3561523173222531e-02  
q[24]: 7.0379526734959397e-02  -1.0376788079824249e-01  -3.6403620711420909e-01  
q[25]: 8.3623737035929735e-02  2.4827333521288292e-01  -3.9468731501680304e-01  
q[26]: 1.6482590038568602e-02  -2.8106097193269258e-01  -4.1346781376144487e-01  
q[27]: 7.0851386557097065e-02  -3.3596999422143781e-02  -5.8770247358692307e-01  
q[28]: 3.2843572331822307e-02  -3.1222308217498557e-01  -6.4360325880105407e-01  
q[29]: 1.6228867988331702e-02  -3.9957282380392312e-01  -6.1301844148985773e-01  
q[30]: 5.1561620277989405e-02  2.0995334292343829e-01  -6.9127104565624231e-01  
q[31]: 5.9772677152801863e-03  -5.3093643490324061e-01  -7.5070244867857883e-01  
q[32]: 7.4954543610631190e-03  5.7117591039017190e-01  -7.7269636215707316e-01  
q[33]: 1.3846100426412338e-02  3.3270337163572694e-01  -7.9873524709215327e-01  
q[34]: 2.3435435021310454e-02  -1.1355717593214829e-02  -7.7867148515207718e-01  
q[35]: 2.5994423942119507e-02  -2.5667974973069718e-01  -7.6290328889201231e-01  
q[36]: 9.7106486374591676e-03  -4.6944979299777551e-01  -7.8850425195178597e-01  

