deg: 6
dim: 2
nodes: 16
q[0]:  6.5956619513110548e-02  2.3619997612745938e-02  3.3185539691063853e-01  
q[1]:  1.7074169768867484e-01  2.4710338483430175e-01  2.3181239488657268e-01  
q[2]:  7.5003394819399993e-02  9.5136063337496413e-02  8.0433772345604126e-01  
q[3]:  1.1004345908865033e-01  3.9650392069208273e-01  5.6530433410621517e-01  
q[4]:  6.1903753622072434e-02  7.0445059270664590e-01  4.2625450578953372e-01  
q[5]:  1.5784339485726562e-01  5.4597057892066359e-01  7.3789766737136168e-03  
q[6]:  1.5950736788095707e-01  4.8950358355514006e-01  -3.7713520210761942e-01  
q[7]:  7.9178581718088323e-02  8.3299616647622077e-01  1.1633800975559531e-01  
q[8]:  4.3777583316091634e-02  6.6023178637555280e-01  -5.6452798131638615e-01  
q[9]:  1.9943731679802987e-01  5.7444138259050356e-02  -3.1762267594307625e-01  
q[10]: 3.6946456374098408e-02  -2.6086450973043274e-01  -3.6787868234120974e-01  
q[11]: 6.4405090106117183e-02  -2.4373862764137522e-01  -6.2436366186979542e-01  
q[12]: 1.8151982183458985e-02  -4.7821546034926882e-01  -7.0975912219433102e-01  
q[13]: 4.7499967821273664e-02  4.1253795982677477e-01  -7.6119347860049469e-01  
q[14]: 1.0964484377016480e-01  9.4803703153657409e-02  -7.0395422095700233e-01  
q[15]: 2.6543264885276547e-02  -3.7670657995987655e-01  -7.8209987857639585e-01  

