deg: 7
dim: 2
nodes: 15
q[0]:  1.1068136896773124e-01  6.4350963158722796e-02  3.2813726549756400e-01  
q[1]:  1.5790851371717196e-01  3.4979590605075789e-01  3.0532265899571137e-01  
q[2]:  5.6282335255564607e-02  7.0330961619092927e-02  8.2177468247536467e-01  
q[3]:  8.1598113229592664e-02  3.3400055637681941e-01  6.5897735128090318e-01  
q[4]:  8.3156138427389739e-02  7.1252117043139929e-01  3.9656518452098777e-01  
q[5]:  1.7438837340213964e-01  3.9665985200674497e-01  -1.6502296291156199e-01  
q[6]:  8.0401483922068293e-02  5.9380314958367619e-01  5.2017638508081278e-03  
q[7]:  6.5275150549092914e-02  8.3869261792795791e-01  9.6981379649403454e-02  
q[8]:  1.0839641113748874e-01  6.1620827367163633e-01  -4.4380918963649818e-01  
q[9]:  2.0394271463950506e-01  -2.5418551813902582e-02  -3.2396196187139020e-01  
q[10]: 6.9962653497096239e-02  -1.4351543778624842e-01  -7.2459810109250389e-01  
q[11]: 2.8177514393931156e-02  -3.8874684892866190e-01  -5.4400195385018613e-01  
q[12]: 3.1561804544490452e-02  5.0966743134330295e-01  -7.7046397343955197e-01  
q[13]: 1.3430887139173381e-01  2.2770409252227006e-01  -6.6396004740034797e-01  
q[14]: 4.0543327367733778e-02  -4.2164263216820330e-01  -7.4106657499751838e-01  

