deg: 8
dim: 2
nodes: 19
q[0]:  9.6907577382521523e-02  4.0955379406448361e-02  1.5298427409118434e-01  
q[1]:  2.7711965255089566e-02  1.7522393212770486e-02  7.0078303888050153e-01  
q[2]:  3.0601927012369880e-02  8.9363181197019553e-02  8.8005818890482967e-01  
q[3]:  1.3775992060081707e-01  2.3228715431459884e-01  5.2369118720543228e-01  
q[4]:  1.0107374348540622e-01  6.0244319930972379e-01  4.0161882930351611e-01  
q[5]:  3.0426605057978298e-02  3.9557326227064665e-01  7.0549790080456265e-01  
q[6]:  2.4777701158588152e-02  8.7212676721177196e-01  3.2532449690295179e-01  
q[7]:  1.9514468779103233e-01  3.8498187341254858e-01  2.8151907232845268e-02  
q[8]:  7.5824723893402640e-02  7.2619199193349948e-01  9.8762749887058146e-02  
q[9]:  1.5337591838740480e-01  4.7623376878946755e-01  -4.4203807658841204e-01  
q[10]: 7.9594734196053816e-03  8.8594583711871644e-01  1.4162193129794828e-01  
q[11]: 5.7943931140529800e-02  7.4249045809969905e-01  -1.8015570714534179e-01  
q[12]: 3.0149769536837522e-02  6.1239041819095874e-01  -6.6759730996233901e-01  
q[13]: 1.6300482137725575e-01  6.2456645247824655e-02  -3.3163418770462866e-01  
q[14]: 7.7305275174312141e-02  -2.5941996986961879e-01  -4.7889126180725705e-01  
q[15]: 3.5413147832848241e-02  3.8790360316957606e-01  -7.7999052014532122e-01  
q[16]: 1.0705866534567646e-01  9.4248808934893458e-02  -6.8655795385980412e-01  
q[17]: 5.5456622165954733e-02  -2.7731475870507410e-01  -7.4650565977518069e-01  
q[18]: 1.8688298425099580e-02  -5.0291332041779746e-01  -7.3953020879999631e-01  

