deg: 9
dim: 2
nodes: 24
q[0]:  1.0015463471165022e-01  1.4789730603002657e-01  1.8729199856449116e-01  
q[1]:  5.7288270744870771e-02  6.8294843632645735e-02  4.9703265570225558e-01  
q[2]:  9.7110983960835701e-02  4.3535322612539984e-01  2.6889082991310231e-01  
q[3]:  2.2012735322665601e-02  2.7205536909893930e-02  7.9724498245938624e-01  
q[4]:  6.3600116271921095e-02  3.0013393344994455e-01  5.7030261335284815e-01  
q[5]:  8.7880956817283862e-02  6.6393955358496848e-01  2.9308511295799428e-01  
q[6]:  9.4580623515657970e-03  6.6876147630617222e-02  9.4309148959301070e-01  
q[7]:  4.1424383733221791e-02  2.0675066966127095e-01  7.5354934860106071e-01  
q[8]:  3.3915202466348951e-02  5.2951250743810763e-01  5.9535891979652245e-01  
q[9]:  2.9089796149363630e-02  8.6175290053214437e-01  3.1998150567277411e-01  
q[10]: 1.1197864504806794e-01  2.8087899088794016e-01  -9.2352169371502785e-02  
q[11]: 7.1161355148624636e-02  4.4173952342166023e-01  -3.1381829606944667e-01  
q[12]: 1.0329611841953813e-01  6.2445423834322744e-01  -1.4419342519877196e-01  
q[13]: 4.1380281295364321e-02  8.2570392468018572e-01  1.0780795382069141e-02  
q[14]: 5.8909935058191330e-02  6.2690176509630369e-01  -5.3717596979483773e-01  
q[15]: 6.0307763541710586e-02  -9.1743112390508766e-02  -1.7515675004216186e-01  
q[16]: 1.1354071802861142e-01  9.3840545442286108e-02  -4.3456836480356298e-01  
q[17]: 6.5664968641337973e-02  -1.5618406060473780e-01  -4.8136019370495214e-01  
q[18]: 9.6500136787141297e-02  3.3171876159665586e-01  -6.5106599094628737e-01  
q[19]: 5.1084856671707778e-02  -2.7061260115287039e-01  -7.2371707645773919e-01  
q[20]: 3.1153564754350788e-02  -4.0780540570724771e-01  -6.1007365925741897e-01  
q[21]: 1.8328676957466830e-02  4.9160112425629987e-01  -8.0528919101439511e-01  
q[22]: 5.1014608384016787e-02  1.6727271699429114e-02  -7.5840548038556377e-01  
q[23]: 1.0328003176872883e-02  -5.1226165341106422e-01  -7.9972751132621722e-01  

