deg: 5
dim: 2
nodes: 9
q[0]: 2.2394027369665606e-01  1.2946368007396541e-01  1.9611027535652678e-01  
q[1]: 7.6955510976167887e-02  7.2701727125242852e-02  7.7698302212726711e-01  
q[2]: 1.1855991642267150e-01  3.7701461411624282e-01  6.1524207384204277e-01  
q[3]: 2.2802442707071963e-01  6.9880278570858279e-01  2.3271695642488502e-01  
q[4]: 3.3204694480028213e-01  2.4118770814686477e-01  -2.8693968419427007e-01  
q[5]: 9.1704503597921525e-02  7.4390433576910675e-01  -2.8625445590710874e-01  
q[6]: 6.9193660578055316e-02  -3.6159721331674843e-01  -5.1143237197892244e-01  
q[7]: 1.5344504233141928e-01  4.0128970357174171e-01  -6.8776413900881606e-01  
q[8]: 1.3271449496883678e-01  -2.1714451915179789e-01  -7.1962737883321237e-01  

