deg: 1
dim: 2
nodes: 2
q[0]: 7.1329238722133759e-01  4.3516478436951722e-01  3.9795105336803266e-01  
q[1]: 7.1329238722139277e-01  1.1814594560444631e-01  -5.7773260767353829e-01  

