deg: 15
dim: 2
nodes: 49
q[0]:  5.7225918369621202e-02  1.1391297252123372e-01  8.3150616300197683e-02  
q[1]:  2.1024115934116312e-02  2.7040498830489784e-02  2.7027061912542305e-01  
q[2]:  4.0661180908853831e-02  1.1343696149184308e-01  4.3803542035524284e-01  
q[3]:  6.5507439688854793e-02  3.0025972032998616e-01  2.5933911895997541e-01  
q[4]:  9.7989676295535295e-03  9.2204997571989356e-03  5.6907241206252979e-01  
q[5]:  4.0378624415019916e-02  2.5163145063941417e-01  5.3648131060722459e-01  
q[6]:  2.2838348477087250e-02  6.4656765546931561e-02  6.9913523772109032e-01  
q[7]:  3.9939957808206784e-02  6.7598027719946108e-01  2.5692953982286848e-01  
q[8]:  7.2029885331085482e-03  1.3967766491158900e-02  8.5968572218452666e-01  
q[9]:  2.4610584985551236e-02  1.8266275818591426e-01  7.3388731798740758e-01  
q[10]: 4.9589834843765869e-02  4.6777309396719852e-01  4.4879792945002506e-01  
q[11]: 2.5229352740525901e-02  6.5633989596105236e-01  4.4579914076540972e-01  
q[12]: 2.5326882161499573e-03  2.1321205774707256e-02  9.6990806734778012e-01  
q[13]: 1.2086150534205248e-02  9.2303453725974816e-02  8.8411676286637386e-01  
q[14]: 6.8631734641952406e-03  2.2992034848806867e-01  8.2612044531282225e-01  
q[15]: 2.6981792448981686e-02  3.6680528566424847e-01  6.6755167033096374e-01  
q[16]: 1.0251661373143288e-02  5.4570323817296862e-01  5.9049119924970062e-01  
q[17]: 1.3669592549138550e-02  8.1444287920699310e-01  3.7689248626915300e-01  
q[18]: 6.3089804341473973e-02  2.0587308495696086e-01  -1.1902080972557567e-01  
q[19]: 6.4796673840048030e-02  4.2923962957295908e-01  -4.3924460553513456e-02  
q[20]: 4.6001526686543323e-02  5.0442192781627004e-01  1.7895828334413375e-01  
q[21]: 4.8759216977066318e-02  6.8281830497102203e-01  1.2118109588743663e-02  
q[22]: 6.8894651149826625e-02  5.0870289923503653e-01  -2.8831686972790393e-01  
q[23]: 2.6217019739926354e-02  8.3869437667406321e-01  2.0855652356990964e-01  
q[24]: 3.4019922206778408e-02  7.1890424759431693e-01  -1.8994738736657410e-01  
q[25]: 4.1858036547278515e-02  5.7497766102335690e-01  -5.1432563870224246e-01  
q[26]: 5.5529034253992684e-03  9.2502444553444896e-01  2.8423685780697211e-01  
q[27]: 1.4029066558239321e-02  8.4227268789590115e-01  1.9046887591403869e-02  
q[28]: 1.3400128220701867e-02  7.1024068910809401e-01  -3.9128985737033511e-01  
q[29]: 1.3339658290916941e-02  6.0605069209010820e-01  -6.8193198190859139e-01  
q[30]: 3.2993900180432703e-02  -7.9768238949322889e-02  -1.7194861907196113e-01  
q[31]: 5.3087617131276701e-02  -1.4476077675871411e-02  -3.1998310483716752e-01  
q[32]: 7.2010947251498841e-02  2.3002873399126486e-01  -3.8637426664588537e-01  
q[33]: 5.5639034490513627e-02  -1.1744804802530630e-02  -5.7465080207311769e-01  
q[34]: 3.2914262829634867e-02  -1.9478780009699392e-01  -5.0040638041658303e-01  
q[35]: 2.0894077446926812e-02  -2.8223270435783782e-01  -4.3323605733450005e-01  
q[36]: 5.5277435753734602e-02  3.4098218423226501e-01  -5.8087493380586752e-01  
q[37]: 2.0316195458914214e-02  -3.4761548572048595e-01  -6.3958273852261782e-01  
q[38]: 9.8272823585886446e-03  -4.5503567350104662e-01  -6.5367720765443715e-01  
q[39]: 2.7667955318282665e-02  4.4809697037198981e-01  -7.3033022988035967e-01  
q[40]: 3.8737488823597455e-02  1.2237526999228707e-01  -7.0771038024625910e-01  
q[41]: 2.9486008366699776e-02  -2.3633488389728932e-01  -7.1270615622685396e-01  
q[42]: 4.9016541548747650e-03  5.3933388451788833e-01  -8.0284765940257630e-01  
q[43]: 1.4020148782831565e-02  2.7417448372066727e-01  -7.8793706585077483e-01  
q[44]: 3.7703458744401913e-03  7.2240672489629482e-02  -8.0651030607137986e-01  
q[45]: 1.7866897283383667e-02  -1.0137231822987368e-01  -7.7869694041951165e-01  
q[46]: 5.7493294442931778e-03  -3.5031645375378007e-01  -8.0442858010713658e-01  
q[47]: 1.1414017158508450e-02  -4.5337827290426469e-01  -7.6621609146878433e-01  
q[48]: 3.6591954300193310e-03  -5.4859283298112604e-01  -7.8386132757950822e-01  

