deg: 10
dim: 2
nodes: 30
q[0]:  5.7530942508695913e-02  6.4365848970160761e-02  1.9566504871193252e-01  
q[1]:  9.5702451371043828e-02  2.7553543748124304e-01  2.6664960745523969e-01  
q[2]:  4.2553392992903477e-02  4.7773935574113253e-02  5.5429404344722366e-01  
q[3]:  8.2823325524911687e-02  5.1671106345405882e-01  2.9642803595768741e-01  
q[4]:  1.5278686752914784e-02  2.2137637458341512e-02  8.7272992693713491e-01  
q[5]:  6.3585820330836720e-02  1.9380373580076193e-01  6.5658905778992938e-01  
q[6]:  3.7790646193703356e-02  4.0460920095879099e-01  5.6140812513012694e-01  
q[7]:  1.4010445142510127e-02  1.1410343836941991e-01  8.9457507749311838e-01  
q[8]:  1.6002860198919038e-02  3.4889715127241361e-01  7.2980756050904094e-01  
q[9]:  2.3695089157972096e-02  5.8559722753035670e-01  5.3081727699499870e-01  
q[10]: 4.6021159131531431e-02  7.6108425627006371e-01  3.5226983852883237e-01  
q[11]: 1.0728535002804333e-01  1.0335933891667246e-01  -1.3487103933313657e-01  
q[12]: 6.2543664059689461e-02  4.4671957872930462e-01  -1.5100662136570145e-02  
q[13]: 1.1520141452335617e-01  4.9156437258199442e-01  -2.1654446248985748e-01  
q[14]: 7.3675370315322924e-02  7.5949990098435061e-01  6.8617847506170060e-02  
q[15]: 6.7052747549380842e-02  4.9249522412017765e-01  -5.9236872992730460e-01  
q[16]: 1.0740668843399420e-02  9.2712694771430548e-01  2.6855214169800973e-01  
q[17]: 1.4750609066893712e-02  8.0183692356951830e-01  -9.9914878542229607e-02  
q[18]: 4.5775839392261097e-02  6.7558591539150237e-01  -3.9089059219304062e-01  
q[19]: 1.4971158646846935e-02  5.8281385456131274e-01  -7.4740033327373034e-01  
q[20]: 9.3588163184709638e-02  1.2846729600802206e-01  -4.2090447777435497e-01  
q[21]: 4.1265492436114597e-02  -1.8670657095940649e-01  -3.0789350762062839e-01  
q[22]: 6.7436298477214968e-02  2.1683251412918178e-01  -5.9265458276729044e-01  
q[23]: 7.4937398566587779e-02  -2.1352173321235082e-01  -5.5330500295641805e-01  
q[24]: 2.0019493618133627e-02  -4.5206853057763285e-01  -6.5978366509431507e-01  
q[25]: 2.1149519326487568e-02  3.7601837690493928e-01  -7.7941199984918152e-01  
q[26]: 2.7244807781472785e-02  1.5067334618374861e-01  -7.6629077519331423e-01  
q[27]: 5.1376669387758242e-02  -1.2881115250845404e-01  -7.4152431092459348e-01  
q[28]: 1.9640695266070894e-02  -4.1049643925926149e-01  -7.7418150097126437e-01  
q[29]: 2.9345946670437171e-03  -5.4693537129252534e-01  -8.0295989658322053e-01  

