deg: 12
dim: 2
nodes: 41
q[0]:  3.3467376242712558e-02  2.4750320755388112e-02  1.1904414701411721e-01  
q[1]:  6.9264863158055259e-02  1.5573999945034317e-01  2.7482079745739668e-01  
q[2]:  2.3204789135385127e-02  2.6770438643357042e-02  5.2288655801454109e-01  
q[3]:  6.2776296972544152e-02  4.0033297028317782e-01  2.7069925011104606e-01  
q[4]:  2.5138793949263022e-02  8.4466749145411135e-02  6.3861994568091751e-01  
q[5]:  5.1843454190489906e-02  2.5140638244291269e-01  5.3199745961094902e-01  
q[6]:  4.7376170404260287e-02  5.8848997518400348e-01  3.3356183634483039e-01  
q[7]:  1.0495036015272970e-02  1.4283067318005927e-02  8.6322537734485738e-01  
q[8]:  2.6358018772350542e-02  1.3051233239535295e-01  7.9457574236596717e-01  
q[9]:  3.6799857810985506e-02  4.1164356163270305e-01  5.6537512490390884e-01  
q[10]: 3.1580791482048481e-02  7.6834489209742407e-01  3.1809309123732810e-01  
q[11]: 5.0575418500662817e-03  5.5363726021241205e-02  9.5699623482701068e-01  
q[12]: 1.8025063466262172e-02  2.6269882481234941e-01  7.7701213181873385e-01  
q[13]: 1.1956318184600996e-02  4.7012567074887174e-01  6.2628096170748127e-01  
q[14]: 1.9695707088593379e-02  6.4008748258513382e-01  4.9809620815518652e-01  
q[15]: 7.9892742697395686e-03  8.7986088849134481e-01  3.5478989101882730e-01  
q[16]: 7.7230235760328850e-02  2.8107119526349039e-01  -4.0045102665696504e-02  
q[17]: 4.8798502378313437e-02  4.6449440459726182e-01  1.2211155501032304e-02  
q[18]: 3.7752080337297572e-02  6.6348518581329374e-01  1.0824598459672991e-01  
q[19]: 8.7056332736159342e-02  4.9026131696190783e-01  -2.6308833279939947e-01  
q[20]: 4.9757745416222909e-02  7.3848694336718157e-01  -1.7180335475746631e-02  
q[21]: 5.1059498133798037e-02  5.9483452169679629e-01  -4.5367142140112771e-01  
q[22]: 1.9797548627896653e-02  8.8471999220490716e-01  1.8110798096445688e-01  
q[23]: 2.3427982813244114e-02  7.5371330104379219e-01  -2.3779004644796894e-01  
q[24]: 1.7211294929152982e-02  6.2047741668584333e-01  -6.3895625536475731e-01  
q[25]: 4.8146404630472386e-02  2.3374036307805449e-02  -1.6693126091568047e-01  
q[26]: 5.1963905401203901e-02  8.4566267979645782e-02  -2.7233786542265664e-01  
q[27]: 1.5590450059214878e-02  -1.8988154317410938e-01  -2.7903351269521776e-01  
q[28]: 6.8848268137884139e-02  1.7502875692287237e-01  -4.4567677960922975e-01  
q[29]: 4.9036185914723099e-02  -2.0526418991212730e-01  -4.4697162140659841e-01  
q[30]: 6.3733644268376341e-02  3.0397641526166502e-01  -5.8082970335532336e-01  
q[31]: 6.0561447272314953e-02  -1.1576163629689191e-01  -6.0792185083018846e-01  
q[32]: 1.7793907819675211e-02  -4.1269607808648867e-01  -6.0599978069613913e-01  
q[33]: 3.8428980006361989e-02  4.4973301244909597e-01  -7.1781678380077851e-01  
q[34]: 4.2546741951038726e-02  3.2221639491801235e-02  -7.3619267736610705e-01  
q[35]: 2.9175600912992049e-02  -3.6758635140722612e-01  -7.1863301167914839e-01  
q[36]: 5.0843857702254072e-03  5.4877049943080314e-01  -8.0828386820464038e-01  
q[37]: 1.7427455101940999e-02  2.3767535643537874e-01  -7.8904541705930931e-01  
q[38]: 1.5187035222264710e-02  -2.2798132270432883e-01  -7.9347737800996743e-01  
q[39]: 2.9382764558200463e-03  -4.4677564760559563e-01  -8.0399533850774596e-01  
q[40]: 7.0015113931771672e-03  -5.3295766049988469e-01  -7.7575587829628745e-01  

