deg: 5
dim: 4
nodes: 26
efficiency: 1

q[0]:  6.0654822255049885e-03  2.2662035585686824e-01  2.7719768788617632e-01  1.9446396687556658e-01  9.8606508795059944e-02  
q[1]:  5.4384581497171920e-03  5.9464623846773375e-02  5.6265917937447463e-01  1.9310111885572784e-01  8.3647871186405182e-02  
q[2]:  4.3903241829800705e-03  2.1711803772097610e-01  5.5867219093925902e-01  5.2008971404483562e-01  4.5662298205296402e-02  
q[3]:  8.0990932565815632e-03  2.9602419822287930e-02  7.9594072523264359e-01  6.4525754394900392e-01  2.7944949886658882e-01  
q[4]:  3.2912625460053187e-03  1.1420981279750116e-01  5.6588266863015135e-01  5.3329022279344851e-01  4.7764235843536551e-01  
q[5]:  3.7887136562374476e-03  1.2723995803512703e-01  9.4993802702226837e-01  4.3261546655901195e-01  5.0057577025669577e-02  
q[6]:  4.8502376372798854e-03  9.6663197115481395e-02  9.3510536576199832e-01  5.4768790078709173e-01  4.5929391454531160e-01  
q[7]:  5.3870933552734694e-03  2.1389536353041896e-01  9.2470680341057587e-01  8.1142452968503676e-01  7.7872281955039521e-02  
q[8]:  3.4052640696557897e-03  3.0534215140761761e-01  9.7789869340133762e-01  9.5804005027247940e-01  4.7037796025324646e-01  
q[9]:  5.5758388831808501e-03  2.2851682500870951e-01  9.1474399944968721e-01  8.2939127013238179e-01  7.3024349408343392e-01  
q[10]: 1.3231934522139345e-02  4.9261261572847820e-01  7.0522711563184814e-01  3.7930064882436965e-01  5.0172643635525468e-02  
q[11]: 1.3513680555063693e-02  4.3698567259798238e-01  6.7206263339045780e-01  3.8306004423033008e-01  3.3061560833160847e-01  
q[12]: 1.3513680555063771e-02  5.6301432740196089e-01  6.6938439166842734e-01  6.1693995576970873e-01  3.2793736660956974e-01  
q[13]: 6.2959502937136686e-03  2.3218605222943028e-01  8.9304922832440170e-01  1.7518947622364472e-01  1.0928604879606570e-01  
q[14]: 1.3231934522139350e-02  5.0738738427156804e-01  9.4982735636446602e-01  6.2069935117562858e-01  2.9477288436815469e-01  
q[15]: 6.2959502937136105e-03  7.6781394777054102e-01  8.9071395120394403e-01  8.2481052377636688e-01  1.0695077167559300e-01  
q[16]: 5.5758388831809481e-03  7.7148317499133501e-01  2.6975650591656580e-01  1.7060872986761635e-01  8.5256000550301511e-02  
q[17]: 3.4052640696557532e-03  6.9465784859235324e-01  5.2962203974676625e-01  4.1959949727538935e-02  2.2101306598684228e-02  
q[18]: 8.0990932565816257e-03  9.7039758017772304e-01  7.2055050113342933e-01  3.5474245605099852e-01  2.0405927476735469e-01  
q[19]: 4.8502376372798446e-03  9.0333680288448948e-01  5.4070608545473609e-01  4.5231209921296878e-01  6.4894634238028090e-02  
q[20]: 3.2912625460052632e-03  8.8579018720242941e-01  5.2235764156465325e-01  4.6670977720655726e-01  4.3411733136982900e-01  
q[21]: 5.3870933552734087e-03  7.8610463646957163e-01  9.2212771804496618e-01  1.8857547031495059e-01  7.5293196589411415e-02  
q[22]: 3.7887136562375022e-03  8.7276004196490176e-01  9.4994242297434617e-01  5.6738453344100825e-01  5.0061972977726320e-02  
q[23]: 4.3903241829800384e-03  7.8288196227900908e-01  9.5433770179470245e-01  4.7991028595513768e-01  4.4132780906071600e-01  
q[24]: 5.4384581497171599e-03  9.4053537615322236e-01  9.1635212881359318e-01  8.0689888114428721e-01  4.3734082062551133e-01  
q[25]: 6.0654822255050873e-03  7.7337964414316074e-01  9.0139349120494383e-01  8.0553603312442135e-01  7.2280231211380674e-01  

