deg: 3
dim: 4
nodes: 8
efficiency: 0.875

q[0]: 2.0800007016904706e-02  2.0957320059245504e-01  4.3043785123227929e-01  2.1241164801338142e-01  1.5428578606362295e-01  
q[1]: 2.0813122119152042e-02  2.0733757697251956e-01  7.8198757530312768e-01  6.2980881951998713e-01  6.0194081516105266e-02  
q[2]: 2.0819569026216924e-02  2.1023185915379131e-01  9.4216240653267547e-01  3.7343836003829878e-01  2.2038098365758602e-01  
q[3]: 2.0900531637157160e-02  2.1824374781979716e-01  8.4783727826376942e-01  7.9035395134836439e-01  5.7478761261126643e-01  
q[4]: 2.0730189107397691e-02  7.8425166603433083e-01  7.8247350133619276e-01  2.0911757887606378e-01  5.6003155630549542e-02  
q[5]: 2.0919902006511833e-02  7.8703015079278671e-01  4.2855346359514307e-01  3.6902086813071816e-01  1.5153007645442537e-01  
q[6]: 2.0968736198753762e-02  7.8789754731532236e-01  9.4041864791286744e-01  7.8710522634449287e-01  2.1605249490870496e-01  
q[7]: 2.0714609554572536e-02  7.9543015676004680e-01  8.4626799030477062e-01  6.2534169286617447e-01  5.6683629600074403e-01  

