deg: 4
dim: 4
nodes: 16
efficiency: 0.875

q[0]:  6.7723377818911610e-03  6.6274763592432839e-02  3.4213425108970769e-01  2.4949481082575189e-01  1.7781425968769884e-01  
q[1]:  1.5286626328051075e-02  1.2990536316806026e-01  8.3638183003596367e-01  4.0904677772766224e-01  3.1325026428436614e-01  
q[2]:  3.6456908159644211e-03  2.3502556327055282e-01  9.7834432877520749e-01  1.5275995755344635e-01  3.6325288330926624e-02  
q[3]:  6.5506889987342436e-03  3.6780530492280618e-02  8.4146110599804369e-01  6.2397883577477686e-01  1.5646717027090896e-02  
q[4]:  1.9018008683108024e-02  2.1622980715663750e-01  8.7909146486321788e-01  7.7239289301429748e-01  4.0266064195991813e-01  
q[5]:  3.5737184218777281e-03  2.0381991929411322e-01  8.4260367292311011e-01  8.3844376388469621e-01  8.1666337739258210e-01  
q[6]:  1.5460774941917830e-02  3.9857645335729108e-01  5.8536497768963824e-01  1.7224790370459578e-01  3.4954855373200193e-02  
q[7]:  2.1872406585477164e-02  7.0494398028276006e-01  6.1923012964074953e-01  4.7701012994482511e-01  3.8893107636236246e-01  
q[8]:  1.3125486029257253e-02  4.5099073433548864e-01  4.9730197110951008e-01  4.6152475778137358e-01  1.0856241545830758e-01  
q[9]:  7.2020795264554393e-03  6.2508018867576576e-01  9.9416675644806507e-01  7.0434760540910801e-01  6.3632499661931075e-01  
q[10]: 8.5681289191744635e-03  6.3647494419523265e-01  9.2496727229598008e-01  8.7075276971244286e-01  1.2332586672082309e-01  
q[11]: 3.4480104912597074e-03  8.4606768265801457e-01  1.7154176109545874e-01  6.5152242707781610e-02  3.8747079369036055e-02  
q[12]: 9.8923604796748634e-03  9.9071998089783009e-01  6.9385874977375728e-01  4.9829511633251000e-01  9.8802189804113205e-02  
q[13]: 7.9366767363864329e-03  8.8650122060509529e-01  8.3973949210011678e-01  1.9008910879249208e-01  1.5926613004163112e-01  
q[14]: 1.7984946660501086e-02  6.5734999486590107e-01  9.4205067190969227e-01  5.1432052908739556e-01  1.4341532213506339e-01  
q[15]: 6.3287252669357620e-03  9.3672904428451353e-01  9.1946944629292660e-01  8.6277184866712198e-01  5.9989130809775892e-01  

