deg: 2
dim: 4
nodes: 5
efficiency: 0.6

q[0]: 4.8258833856151491e-02  6.4327071647022629e-02  7.3921655021914123e-01  5.6271147311091163e-01  2.5576994618071569e-01  
q[1]: 3.2391129424798965e-02  7.0323196237890373e-01  3.8069310981614685e-01  2.3909795079656945e-01  1.3211910302057975e-01  
q[2]: 2.8944672332740388e-02  5.2900441822050415e-01  8.7654978024702201e-01  2.0534546377850260e-01  1.1943993199155502e-01  
q[3]: 2.8538680007298201e-02  7.8505382338100216e-01  9.0305357237594830e-01  7.2863911474115151e-01  1.0166821377199578e-01  
q[4]: 2.8533351045677630e-02  6.9162037531675002e-01  9.0602005991577428e-01  7.6033219648319872e-01  6.5486153443742567e-01  

