deg: 1
dim: 5
nodes: 1
efficiency: 1

q[0]: 8.3333333333333350e-03  8.3333333333333337e-01  6.6666666666666674e-01  5.0000000000000011e-01  3.3333333333333337e-01  1.6666666666666669e-01  

