deg: 2
dim: 5
nodes: 6
efficiency: 0.666667

q[0]: 1.3417172569952366e-03  5.1449374056341646e-01  3.9042218004020701e-01  2.6071824831937779e-01  1.7007202492557277e-01  9.2930097806715711e-02  
q[1]: 1.4242398129826260e-03  9.1606832177279707e-01  4.4001766958116872e-01  3.2613556872493193e-01  2.1437596887058957e-01  1.0162818631114337e-01  
q[2]: 1.3422308597913224e-03  9.2015370182040179e-01  8.2888723553709798e-01  3.4222190615340231e-01  2.2644997078355547e-01  1.0654875250345246e-01  
q[3]: 1.4018108112954632e-03  8.8197269601540407e-01  7.8548726683432379e-01  6.9323352668238702e-01  2.1389221634932326e-01  1.0557525491733866e-01  
q[4]: 1.3897335701544306e-03  8.6897182813001361e-01  7.7248478683659494e-01  6.8311093403674272e-01  5.8571958815069647e-01  1.0558613299519522e-01  
q[5]: 1.4336010221142545e-03  8.8614715202478056e-01  7.7972746119512781e-01  6.7794035043299339e-01  5.7651164429758972e-01  4.7552554887231302e-01  

