deg: 3
dim: 5
nodes: 11
efficiency: 0.909091

q[0]:  5.4827961306061154e-04  5.2084970534750019e-01  3.2906082174270085e-01  3.0536308375114757e-01  1.9399934328143487e-01  1.8190304266427721e-02  
q[1]:  5.4011311230625213e-04  5.6704483660203486e-01  5.4003427494052725e-01  2.8694369584000495e-01  1.0643690984778255e-01  5.1803465710306383e-02  
q[2]:  7.0075045763730076e-04  6.3341200156426347e-01  5.3896349564539081e-01  4.3400000862855376e-01  4.2240317111784076e-01  3.2368491749403705e-01  
q[3]:  9.5028735694071165e-04  8.6303975118844212e-01  4.1395734338521462e-01  2.7300955885496081e-01  1.3929966070862457e-01  1.2973973654290713e-01  
q[4]:  5.6047312345124133e-04  9.5231679915522927e-01  5.1265192952339000e-01  4.8180444033230124e-01  4.0116753351293805e-01  1.0855982939747535e-01  
q[5]:  6.2432966377683717e-04  9.3832250741549250e-01  8.9890436633263393e-01  4.2435781220322344e-01  2.4756167798174586e-01  1.9043763970036148e-01  
q[6]:  7.8039405509356871e-04  8.8416522342163562e-01  6.9161267267385518e-01  2.5830443361757383e-01  2.3646882213426698e-01  5.4194449969714363e-02  
q[7]:  7.8236031017241321e-04  9.5029528583753364e-01  7.9846103821788228e-01  6.3756088411548240e-01  1.7482030463333151e-01  2.6130059727675344e-02  
q[8]:  7.6183495599276864e-04  8.2356380013866892e-01  7.5017369623335628e-01  7.2827589901383116e-01  3.0389374950009101e-01  2.2416063666097447e-01  
q[9]:  1.1809808007638911e-03  8.8212055421922930e-01  8.2534022640148763e-01  7.0990714237058383e-01  5.9037116156359548e-01  1.2181523545292530e-01  
q[10]: 9.0352988413773744e-04  9.5888032490369934e-01  8.3364905886811802e-01  7.2175265828107715e-01  6.1547611349288600e-01  4.9108686020648779e-01  

