deg: 4
dim: 5
nodes: 26
efficiency: 0.807692

q[0]:  2.0264998146822449e-04  5.0616827241785034e-01  3.8956989815933185e-01  1.2104465968438431e-01  1.1463168927445905e-01  6.7362463248036106e-03  
q[1]:  1.1917444127410128e-04  3.8577650903275323e-01  2.7954252223083520e-01  2.7100136731610841e-01  8.2707787168302002e-02  8.0870340956222073e-02  
q[2]:  8.1000936951369237e-05  3.9700942393824901e-01  3.9002337887979754e-01  3.8886572854208046e-01  3.1542359290015060e-01  3.9903326650211651e-02  
q[3]:  1.0954442843121377e-04  4.6909529814025303e-01  3.9228830373502249e-01  3.1898493097080621e-01  3.1720517071337517e-01  3.1609926988280751e-01  
q[4]:  4.5638435069751861e-04  6.7978078650240958e-01  3.5774524636924809e-01  3.0768917829486170e-01  2.7361790577663170e-01  1.1154820074396125e-01  
q[5]:  3.4001193725714189e-04  7.6721773112168301e-01  3.6756177792850003e-01  2.5876637880855624e-01  5.7280314602153291e-02  4.5487242073839994e-02  
q[6]:  5.0392482605780646e-04  6.5469335895207481e-01  6.1050654215330347e-01  4.0768449889582903e-01  1.6303262690439022e-01  7.6620810751714771e-02  
q[7]:  4.8788326700269826e-04  7.9745084538853761e-01  7.1480965851208222e-01  3.7773712128618536e-01  2.9245666273192816e-01  2.5435836217962848e-01  
q[8]:  4.0943971657163162e-04  7.9933231198656352e-01  6.6131291727634334e-01  6.0753239615228805e-01  3.3093770988992438e-01  1.1332643764411664e-02  
q[9]:  6.1185388550106059e-04  8.1373232601692058e-01  7.1809438735557984e-01  6.8290747658952788e-01  3.8569295673774384e-01  2.8285455005576066e-01  
q[10]: 6.0022374637432399e-04  7.4971204407658421e-01  7.0002813976503930e-01  5.9234024445278644e-01  5.2584581977090727e-01  2.4149106385024358e-01  
q[11]: 8.7806322570129617e-05  9.5278162161130053e-01  2.0478265433479770e-01  1.7091207733886610e-01  1.3513237009650556e-01  7.7082763489477554e-02  
q[12]: 4.7131553307457568e-04  9.2552824542180623e-01  5.6907096432513860e-01  2.2210886745989306e-01  1.6078882449961351e-01  8.0871238925405153e-02  
q[13]: 4.1480802460349179e-04  9.4754734777569671e-01  5.8409345981371352e-01  4.9112041217343394e-01  4.0697008669970769e-01  7.2393440989419577e-02  
q[14]: 3.5880030802703096e-04  9.8254094251576263e-01  6.3261046342368776e-01  5.6471736548904428e-01  2.1101395031411860e-01  1.0761173755783009e-01  
q[15]: 5.1037705785290000e-04  9.1626987378734182e-01  6.1149136560266848e-01  5.2456579356588240e-01  4.4885972061376389e-01  3.8927278452800052e-01  
q[16]: 1.5603116825963298e-04  9.0365672400801922e-01  8.5292114532641294e-01  1.7327724174809397e-01  1.1289504003231922e-01  4.5924779105518572e-02  
q[17]: 4.8316639306017310e-04  9.4237078517733253e-01  8.4205730467199036e-01  4.8676627608538398e-01  1.5452190760763695e-01  6.7124496761350641e-02  
q[18]: 5.1447028511309790e-04  9.0560907505615185e-01  8.2826972591198234e-01  5.1347727353691675e-01  4.3870667318092366e-01  6.4020810208313864e-02  
q[19]: 2.3215878599950514e-04  9.9988525019685814e-01  9.2987177557002965e-01  5.5189337174349518e-01  4.9307205014204109e-01  3.5222887180761325e-01  
q[20]: 2.2247929994875459e-04  8.8800568163293514e-01  8.1849657059955483e-01  7.5579934898872769e-01  1.1410092389441016e-01  5.4055848585421236e-02  
q[21]: 2.1633153094450253e-04  9.9802783877779400e-01  9.8193685039445211e-01  8.8674543494274227e-01  5.1982250875371272e-01  1.3207277321305466e-01  
q[22]: 1.5867403051293024e-04  9.9837628508022980e-01  9.4996840165638385e-01  7.9638827408431268e-01  4.2002786667257525e-01  3.9060715128127604e-01  
q[23]: 1.3723883547339533e-04  8.9665994140067928e-01  8.2717784405345030e-01  7.9128016636182941e-01  7.4674398515951845e-01  5.6420245669366674e-02  
q[24]: 2.7133588965067815e-04  9.8236339748953572e-01  8.5644864453956104e-01  8.0404880311790194e-01  7.2598373260429805e-01  3.4969346018391273e-01  
q[25]: 1.7624835065544359e-04  8.9730935782521692e-01  8.6884100240741580e-01  8.0423124530827284e-01  7.4001263326138045e-01  6.6143221389450257e-01  

