deg: 4
dim: 5
nodes: 23
efficiency: 0.913043

q[0]:  3.9368449744193193e-02  1.1190140987777765e-01  1.5051059987281606e-01  3.9792432475496270e-01  5.8524466151971086e-02  5.4267556812653861e-01  
q[1]:  3.3674267875675901e-02  1.2724809099903076e-01  1.1736648719305030e-01  1.1676622316898799e-01  7.9706772104566537e-01  4.1974689348719629e-01  
q[2]:  3.9848987333741724e-02  1.0451087680275568e-01  4.6173995846389770e-01  4.8528412623900441e-01  8.2559421079963569e-01  9.5226695173993714e-01  
q[3]:  3.2321259005817331e-02  5.7616072788144353e-02  3.2621633264567451e-01  8.7163370374304294e-01  4.5964009501725844e-01  7.8005648064478392e-02  
q[4]:  3.6169119000404502e-02  1.3878178184209078e-01  6.4283892947786647e-01  9.0389707685847265e-01  2.3706185020033158e-01  8.2180217492394469e-01  
q[5]:  4.2570566279384582e-02  6.0998883764023820e-02  8.8006946099535976e-01  3.3926825098576519e-01  6.6338139027170673e-01  2.4800821585144639e-01  
q[6]:  3.1528399739592254e-02  1.8924132700342100e-01  8.7427972580055446e-01  1.1662107430215640e-01  1.8355191829200812e-01  8.0031763976521597e-01  
q[7]:  4.6129684102024400e-02  4.0171852188194007e-01  3.0567653037068730e-02  8.8101628033077728e-01  6.9411786468770520e-01  6.6461064206873022e-01  
q[8]:  4.3909260052478097e-02  5.1670592005348182e-01  3.1450527048071308e-01  5.4920735943654297e-01  9.6766818669801646e-01  8.1232692152916022e-02  
q[9]:  3.8578098946303770e-02  4.1090719511432827e-01  4.6402321989876150e-01  3.5826663816189867e-02  2.4152478453432094e-01  5.1630073661154623e-02  
q[10]: 4.7875378535223057e-02  6.1932226635371690e-01  7.3109712816286221e-01  5.5848148776185907e-02  8.8305047134538706e-01  6.7154224530220374e-01  
q[11]: 1.3561517871028200e-01  4.5611107482317004e-01  5.2209553785923934e-01  4.9713220165667465e-01  4.4562980044136780e-01  4.8313455939894023e-01  
q[12]: 3.5676423879098904e-02  3.3218390784034807e-01  8.6139621703379332e-01  9.1001705858335358e-01  9.3704632019763079e-01  5.0656601623580033e-01  
q[13]: 4.4750581398856876e-02  7.4390356779177069e-01  9.5635197283455253e-01  6.4151290704946273e-01  5.0687505464212379e-01  9.0012373620099495e-01  
q[14]: 3.8469768884039995e-02  4.3938558556729351e-01  9.0516829888642780e-01  7.4131367866444609e-01  5.6715829051056904e-02  1.9187375533207499e-01  
q[15]: 4.4306376127681874e-02  6.0557513599669444e-01  1.7224326894809355e-01  1.6833875975803733e-01  3.4998823314026500e-01  9.5684689119076471e-01  
q[16]: 3.6916297013975238e-02  7.4995875040768034e-01  8.2912408086086714e-02  6.5218552528321450e-01  1.6560088330949424e-01  1.3975180334752518e-01  
q[17]: 3.8856033387700689e-02  9.1164016653592794e-01  1.0380287762151474e-01  1.9177461532999202e-01  6.2938106651879411e-01  3.5850556467162448e-01  
q[18]: 3.8441935412330708e-02  9.3433108756135730e-01  3.5299331506848208e-01  6.3858620626072871e-01  9.0095987189781335e-01  8.1156578504464205e-01  
q[19]: 4.5605098656907088e-02  8.9042488840848932e-01  5.9736808171263289e-01  9.5327537703305887e-01  5.4785292920735340e-01  2.5736787100028891e-01  
q[20]: 3.3407267125391910e-02  7.7384125360645306e-01  3.2014274912061019e-01  8.6135567738502428e-01  8.8250246232138160e-02  8.4143005592736431e-01  
q[21]: 4.3039341195265951e-02  9.4094524104025934e-01  6.8316157618402129e-01  2.2326842320780882e-01  9.8009463330580762e-02  5.4697265733759282e-01  
q[22]: 3.2942227593630032e-02  8.5799058724558253e-01  9.1022513395936733e-01  3.2669003398585944e-01  6.9225462779274460e-01  8.5775823203812940e-02  

