deg: 2
dim: 5
nodes: 6
efficiency: 0.666667

q[0]: 1.6366730947026534e-01  1.1523025007923379e-01  1.5575882849183104e-01  3.5809642148743986e-01  2.2207502102468565e-01  2.5120094006990856e-01  
q[1]: 1.8039481645859259e-01  1.1523025007923379e-01  8.5914976574145052e-01  4.4010636859468139e-01  7.1244905542511072e-01  7.2990914460026990e-01  
q[2]: 1.5091809867432243e-01  7.6614255453456959e-01  1.4583849871984980e-01  1.6936533057511652e-01  7.6884163760360114e-01  8.0163753673221005e-01  
q[3]: 1.7332874660333603e-01  6.4054786040165512e-01  4.8912839361492366e-01  8.7656868728422566e-01  1.3737804390866346e-01  8.2292114775957059e-01  
q[4]: 1.7590526743737006e-01  5.9619944150915627e-01  4.4061703438817529e-01  8.7168083140157482e-01  8.5343662657324548e-01  1.6153028414833051e-01  
q[5]: 1.5578576135611349e-01  8.2696182522445427e-01  8.6801687478234335e-01  2.0008451985479137e-01  2.8990956231922604e-01  2.2584387512689702e-01  

