deg: 3
dim: 5
nodes: 12
efficiency: 0.833333

q[0]:  8.3123529549247108e-02  1.3994098672545652e-01  3.3531604762929557e-01  2.6802358162904777e-01  1.8931050494323945e-01  2.1189133136917834e-01  
q[1]:  7.9777672119641291e-02  1.4150513411760363e-01  2.6426948430276570e-01  7.8563850362328325e-01  2.2422236533517087e-01  7.7966508926541822e-01  
q[2]:  9.6028867795861117e-02  4.3269984666480876e-01  2.0132564865130639e-01  8.2979776351308054e-01  8.2170540949866899e-01  1.4236794319520807e-01  
q[3]:  7.4768863106551509e-02  1.4381831270771200e-01  8.1803821150841505e-01  2.6120064794745140e-01  6.9779579114194001e-01  2.5913151808897256e-01  
q[4]:  8.9085795455002184e-02  5.8797045862800468e-01  8.7311546815923069e-01  8.7424368971774125e-01  1.7566909613182696e-01  2.2520718352973118e-01  
q[5]:  7.7199729766133082e-02  1.3958551189471974e-01  7.8950677915212819e-01  7.1330387117080618e-01  7.6226730694458633e-01  7.5866711364028427e-01  
q[6]:  7.4801999652360340e-02  8.5528923569885418e-01  2.0911536407631537e-01  2.7907432588640618e-01  2.3341575333706507e-01  2.3253620380804998e-01  
q[7]:  8.9085795455002267e-02  4.1202954137199532e-01  1.2688453184076937e-01  1.2575631028225884e-01  8.2433090386817298e-01  7.7479281647026876e-01  
q[8]:  7.7357345888209555e-02  8.6155090332914808e-01  1.8486509580267749e-01  7.3014391525780054e-01  3.0474766053873581e-01  7.3173956306546661e-01  
q[9]:  9.6028867795861131e-02  5.6730015333519124e-01  7.9867435134869358e-01  1.7020223648691951e-01  1.7829459050133092e-01  8.5763205680479193e-01  
q[10]: 8.1303723058803568e-02  8.6260110407023016e-01  7.3231236002087119e-01  2.1998386389386124e-01  7.7436588102427051e-01  2.2633168976689544e-01  
q[11]: 8.1437810357326890e-02  8.5559256022010588e-01  6.6718075958570233e-01  7.3786976430269446e-01  8.1347654426674820e-01  7.9480572436104280e-01  

