deg: 1
dim: 5
nodes: 1
efficiency: 1

q[0]: 8.3333333333333329e-02  7.5000000000000000e-01  5.0000000000000000e-01  2.5000000000000000e-01  6.6666666666666663e-01  3.3333333333333331e-01  

