deg: 3
dim: 5
nodes: 11
efficiency: 0.909091

q[0]:  6.1310005570427237e-03  4.4933012824809399e-01  2.9955341883206266e-01  1.4977670941603127e-01  2.8186618081197035e-01  1.3453823565694706e-01  
q[1]:  8.2980866857405612e-03  4.5305904641838274e-01  3.0203936427892186e-01  1.5101968213946093e-01  7.9657403384652081e-01  9.8735102444824557e-02  
q[2]:  7.8208132855071433e-03  4.1524343950689047e-01  2.7682895967126031e-01  1.3841447983563021e-01  7.8966050768035501e-01  6.7398233574684097e-01  
q[3]:  9.1805432839230268e-03  8.2068197830298573e-01  1.7162513769449486e-01  1.2513281376581607e-02  7.9188445315912770e-01  3.9489999195933007e-01  
q[4]:  6.2281951827861210e-03  8.6945862011708175e-01  3.3188118167375713e-01  3.2575018111671444e-01  3.0911378504920661e-01  1.5753293931655415e-01  
q[5]:  8.8579946623662566e-03  8.6715563887448521e-01  6.5262270800383104e-01  1.0034170570030626e-01  3.3190772394664947e-01  1.6874018625926532e-01  
q[6]:  7.4703410396965214e-03  8.0954499119204804e-01  7.6762716574688694e-01  1.1807154345473800e-01  9.0211366345964428e-01  4.4909711803289865e-01  
q[7]:  7.5127000381348206e-03  9.3554193774717953e-01  6.2369462516478624e-01  3.1184731258239312e-01  8.0782592129113584e-01  7.9084773478169379e-01  
q[8]:  8.6910215432364143e-03  8.4925345964095367e-01  8.4061964158609170e-01  6.4270387723662648e-01  5.0909595806361807e-01  2.5585949916198442e-01  
q[9]:  6.6977580117391251e-03  9.6802001660076564e-01  6.4534667773384369e-01  3.2267333886692179e-01  8.0023426226023531e-01  1.5089523347576359e-02  
q[10]: 6.4448790431606111e-03  8.0170637145938062e-01  5.7206351516969312e-01  5.5470895311958712e-01  9.7969702190040187e-01  4.8724304185074252e-01  

