deg: 4
dim: 5
nodes: 24
efficiency: 0.875

q[0]:  2.9117495234019710e-03  3.3897870119983381e-01  3.3300233948609592e-01  1.6396078590817326e-01  2.9623814719358793e-01  1.0374981216310462e-01  
q[1]:  1.6262192570099434e-03  2.2649913252231665e-01  5.5433849335881337e-02  4.0877703618257773e-02  8.6419181562318381e-01  1.9308998783537643e-01  
q[2]:  1.4193451069091205e-03  2.4831955505238601e-01  1.6559227039817237e-01  1.2241363920934074e-01  8.1595022751819701e-01  7.9701978286405006e-01  
q[3]:  2.1884274716446593e-03  5.5038834482721055e-01  8.2523873674866827e-02  1.9990527203918862e-03  2.6477077462697013e-01  1.9021541247818735e-01  
q[4]:  5.3549914306422084e-03  6.0307695804692929e-01  3.3100502364611600e-01  3.2180878707177174e-01  6.4161351459002391e-01  1.4932003671755689e-01  
q[5]:  4.3655503114683374e-03  7.8264985897995765e-01  2.3632589980630617e-01  1.4436358329828539e-01  9.2971950911622392e-01  7.5994009953923669e-01  
q[6]:  8.0215004350265174e-03  5.3875043414356749e-01  3.7210480415915942e-01  4.4012319574697784e-02  7.8727977660560500e-01  4.2592752130159256e-01  
q[7]:  7.9450919636358669e-03  7.0886343291992826e-01  4.9454703359413948e-01  3.2183079234381984e-01  5.2283339179955945e-01  4.5157962240502092e-01  
q[8]:  2.0265067957407237e-03  6.1358388729248359e-01  6.1088194194262768e-01  2.4198745144661887e-01  8.9868988573138087e-01  2.7733913143481656e-03  
q[9]:  3.6498438892088926e-03  6.1690111184929375e-01  5.8462452220815542e-01  4.6184564488956309e-01  9.5911477826236979e-01  5.3404349193935430e-01  
q[10]: 2.1092784768040676e-03  9.1209297489371033e-01  1.0556566214669244e-01  2.5000509432301622e-02  5.6898396466846557e-01  2.2324483570021941e-01  
q[11]: 4.0499908924709234e-03  8.3777362965639235e-01  3.0454953591004791e-01  1.3378099771219290e-01  9.5179411784322554e-01  1.5729820062633454e-01  
q[12]: 5.5324634107166712e-03  8.2911290332684229e-01  5.1605908208234919e-01  1.3262601051736472e-01  4.9935448789334086e-01  1.2035640369127317e-02  
q[13]: 2.4466389140359937e-03  9.8827751115643958e-01  4.8699066184516182e-01  3.5714760053562104e-02  6.0545304397612831e-01  5.3133421013092730e-01  
q[14]: 2.7028264994361983e-03  8.8968410952094623e-01  5.4138992673850239e-01  2.9995891894032611e-01  8.5457257345504078e-02  3.4820454819085384e-02  
q[15]: 2.3809757439365326e-03  9.9855575483482628e-01  3.9111488960639484e-01  3.7077735844308846e-01  5.2488281455415364e-01  2.8163702131755081e-01  
q[16]: 2.2453502688552893e-03  8.3280664848485142e-01  7.7168308269122288e-01  4.6989181457645274e-02  3.0472450150110919e-01  2.0839328905185983e-01  
q[17]: 2.9689604948986443e-03  9.4499234336542481e-01  8.2143558947000406e-01  9.0212486879474044e-02  8.7452474876990716e-01  2.6773609661645137e-01  
q[18]: 2.6462077263535622e-03  8.2377004619798466e-01  7.4718451035526678e-01  1.7082082717668889e-01  9.1434134322194405e-01  8.5190007808304080e-01  
q[19]: 4.9329304055972783e-03  9.2307133667153907e-01  8.8046780996432450e-01  4.3461575670323455e-01  5.2916299118962784e-01  2.6043685425726038e-01  
q[20]: 4.1252514077401541e-03  9.5796953157002862e-01  6.4912982217378434e-01  3.1766988107035310e-01  8.9548946291776355e-01  5.1131651335015982e-01  
q[21]: 1.7823739941496828e-03  8.4423530963571514e-01  8.0352236647224051e-01  7.6119191021796617e-01  3.0401110422724942e-01  1.2185997945225259e-01  
q[22]: 3.7449063022352304e-03  9.3360323855356975e-01  7.7037629805732810e-01  6.4138185253096458e-01  8.3821524335428199e-01  1.4655034488491914e-01  
q[23]: 2.1559526114148866e-03  9.4025552435205750e-01  7.9643564257387733e-01  7.0692773155688171e-01  8.3463576738524481e-01  7.5206739768626785e-01  

