deg: 2
dim: 5
nodes: 6
efficiency: 0.666667

q[0]: 1.4191927786895379e-02  3.7081367005781224e-01  2.8035147255593279e-01  5.8642761736050972e-02  7.0168258521257021e-01  1.7802623677806403e-01  
q[1]: 1.4520612849724349e-02  8.8427728122334248e-01  3.0544564745890357e-01  8.0848754186792507e-02  4.1045335627075902e-01  6.8449562812841785e-02  
q[2]: 1.6761254275061255e-02  7.0537381929584186e-01  3.1183362422275046e-01  2.2057339165136755e-01  8.9115930074689653e-01  7.4078074205986932e-01  
q[3]: 1.0890329340428859e-02  9.4290009781167849e-01  8.4030629749742569e-01  1.0694840510332657e-01  7.7707132770811149e-01  4.7316491161367147e-01  
q[4]: 1.4201198729833050e-02  7.4070860617391387e-01  6.9618333263843735e-01  4.9333550682109450e-01  3.0943243447601337e-01  2.9849296868563435e-01  
q[5]: 1.2768010351390444e-02  9.2315075987993966e-01  7.0395525376038404e-01  5.4506224638398881e-01  9.2758938605725538e-01  1.9180894635956630e-01  

