deg: 2
dim: 4
nodes: 5
efficiency: 0.6

q[0]: 8.7952625317265776e-03  4.8667663310046300e-01  3.3702575024169962e-01  2.0854218122535478e-01  8.9595464914906470e-02  
q[1]: 8.1296563503038995e-03  9.1321290370329455e-01  3.8315263718743797e-01  2.5981612768147394e-01  1.3485472119931072e-01  
q[2]: 8.2180244427135681e-03  8.9094957632051441e-01  7.7874402092918460e-01  2.4958132869266078e-01  1.2874119548094634e-01  
q[3]: 8.1293252693704493e-03  8.8136634861274255e-01  7.6976430245774807e-01  6.5411838736689132e-01  1.2251394487805446e-01  
q[4]: 8.3943980725521665e-03  8.5080768256182282e-01  7.4614867301368382e-01  6.3752766548083906e-01  5.2356835117993494e-01  

