deg: 1
dim: 4
nodes: 1
efficiency: 1

q[0]: 4.1666666666666657e-02  8.0000000000000004e-01  6.0000000000000009e-01  4.0000000000000002e-01  2.0000000000000001e-01  

