deg: 3
dim: 4
nodes: 8
efficiency: 0.875

q[0]: 5.1605951419064298e-03  4.9256519256244974e-01  3.0776764037908938e-01  1.2243620910578328e-01  6.1519622210017541e-02  
q[1]: 4.4980003819579109e-03  5.3609952520229776e-01  4.8797172342043310e-01  4.4161905956082415e-01  2.2063141684456822e-01  
q[2]: 4.6959389301167425e-03  9.4938489569795270e-01  5.7731442091808327e-01  1.9330761678139372e-01  9.6723395483909985e-02  
q[3]: 5.8707957590925621e-03  8.5827179711932444e-01  3.2764135513492038e-01  2.8439587498625307e-01  1.4219876517528401e-01  
q[4]: 5.5648551894323141e-03  8.5663396224192545e-01  7.1356564780058951e-01  5.7049556391682521e-01  3.5660714069591669e-02  
q[5]: 5.7200177324322546e-03  8.5596306769741715e-01  8.1733937852964667e-01  2.8708729094211249e-01  1.4354277931058118e-01  
q[6]: 4.5379433066459795e-03  9.6986231156159852e-01  8.6360549831796474e-01  7.5770313745430851e-01  3.7664860838445380e-01  
q[7]: 5.6185202250824736e-03  8.5764360586494415e-01  7.1499467496450708e-01  5.7234748618081199e-01  5.3496367409664825e-01  

