deg: 4
dim: 4
nodes: 17
efficiency: 0.823529

q[0]:  8.1365811115042999e-04  2.3837954362433852e-01  1.8613317402777968e-01  1.5794258344285433e-01  4.0721418563228223e-02  
q[1]:  2.0900579681699893e-03  5.1298242753100065e-01  4.2339986841286809e-01  1.9290282425725089e-01  1.9138625753952718e-01  
q[2]:  3.5380360991106728e-03  6.2738161102371648e-01  2.4897026114866383e-01  1.6976363301709801e-01  8.1899771652882813e-02  
q[3]:  2.5900085016351587e-03  6.3384407608638205e-01  5.3753387223948756e-01  1.7853315657964339e-01  1.9602306784853727e-02  
q[4]:  2.6957066802208397e-03  6.3645086616276048e-01  5.4188761205403557e-01  5.0957640528448001e-01  3.8733988348978649e-01  
q[5]:  3.2666409319085220e-03  6.8371308624148619e-01  5.7885785670850964e-01  5.0596081323084940e-01  9.2264669870664229e-02  
q[6]:  1.1287181857069885e-03  9.3883549779299580e-01  2.0603246424079544e-01  1.3417865278011881e-01  6.3715048058616428e-02  
q[7]:  3.7558165995024728e-03  9.0902010759405982e-01  5.5167524981442850e-01  1.6583367100041130e-01  8.9561887644958357e-02  
q[8]:  2.3935103534758165e-03  7.5747007392345100e-01  7.3855222847139967e-01  5.0926604181786239e-01  2.2815211896671012e-01  
q[9]:  3.8073434569142208e-03  9.2043959792701013e-01  5.5832564218988578e-01  4.6484001527969343e-01  8.7349143145559957e-02  
q[10]: 3.5608669648530236e-03  9.1309481482368349e-01  5.4027913126662186e-01  4.5980462118538318e-01  3.7756447343087729e-01  
q[11]: 1.2056585918475921e-03  9.0260468772622005e-01  8.5377504217046907e-01  1.3404774611185313e-01  9.4850004740883370e-02  
q[12]: 2.6205434992377873e-03  9.5882490203928106e-01  8.6380183992623327e-01  4.3402247819115675e-01  8.4785589540389811e-02  
q[13]: 3.9986295420873612e-03  9.1064804192929771e-01  8.1596028030069012e-01  4.9447108902656700e-01  4.0393430513775186e-01  
q[14]: 1.0614743528785222e-03  9.3361137033542441e-01  8.8350668871896099e-01  7.9483241698301954e-01  6.0442313431002474e-02  
q[15]: 2.3354720478608077e-03  9.5912817743191348e-01  8.6566781466002118e-01  7.9993919520454504e-01  4.0582599635457450e-01  
q[16]: 8.0452478010645126e-04  9.2083493317447973e-01  8.7218488826534890e-01  8.1666113397875140e-01  7.6942950513270636e-01  

