deg: 5
dim: 4
nodes: 26
efficiency: 1

q[0]:  4.7712251007242892e-04  5.3878650467206923e-01  5.1405818506593770e-01  5.3487299762803517e-02  2.8462733079168336e-02  
q[1]:  3.5876138972988240e-04  4.4875318216874222e-01  3.2038292990137701e-01  1.7828842491902935e-01  3.7290309203985489e-02  
q[2]:  1.9118144434204418e-03  3.3923188755143935e-01  2.5589204169611413e-01  1.7324876090443259e-01  9.0553591052237856e-02  
q[3]:  4.8582903078590568e-04  5.3838126988127155e-01  7.9804672333888035e-02  5.4128234544519600e-02  2.8483521908103725e-02  
q[4]:  2.6459841345355174e-03  7.1458444331508264e-01  4.1679609828686187e-01  1.1833718693274094e-01  6.0101694130741214e-02  
q[5]:  2.6203184968151545e-03  9.4091388659334052e-01  6.4640774522395317e-01  3.5230949854810184e-01  5.8172355828522315e-02  
q[6]:  2.6473682913367713e-03  7.1440729801081149e-01  4.1669725698682536e-01  3.5842384829373680e-01  6.0105864440460156e-02  
q[7]:  2.6393393748351530e-03  7.0249003974777757e-01  4.1517667003141395e-01  3.5562578231247910e-01  2.9608435899611257e-01  
q[8]:  2.1418187302848328e-03  9.1358559761506630e-01  8.2715693330355067e-01  1.7267163566516922e-01  8.6259383125160280e-02  
q[9]:  2.6292914783456705e-03  7.1702692632235121e-01  6.5923664693889283e-01  3.5960988864016885e-01  6.0045713026219603e-02  
q[10]: 2.6467646368896550e-03  7.0144846550695372e-01  6.4174667984230493e-01  3.5517020707703539e-01  2.9535098116960296e-01  
q[11]: 4.7801301199587218e-04  5.3875110043989249e-01  5.1396145600639287e-01  4.8884289699053818e-01  2.8469983201274373e-02  
q[12]: 2.6463216747834276e-03  7.0152459829411107e-01  6.4184142472049155e-01  5.8203133208541746e-01  2.9540716535478001e-01  
q[13]: 3.6327140505071728e-04  5.3463846439528417e-01  5.1763135330141485e-01  5.0076204500203481e-01  4.8388689594971795e-01  
q[14]: 2.1428904420432954e-03  9.1343393394752126e-01  2.5897662759024803e-01  1.7261897505142715e-01  8.6259577669727791e-02  
q[15]: 3.9300210381310540e-04  9.8400197143331447e-01  5.1303907553837069e-01  4.2404850026869556e-02  2.0064646358756030e-02  
q[16]: 2.6421589290481643e-03  9.4145033002647915e-01  6.4621091834572952e-01  3.5116432692194227e-01  2.9170502222625505e-01  
q[17]: 3.9360372883938426e-04  9.8387106665943946e-01  5.1299631886126407e-01  4.9067202131731957e-01  2.0095065974783007e-02  
q[18]: 2.6423593882768178e-03  9.4143342122099705e-01  6.4620755080377834e-01  5.8675550238484409e-01  2.9170334277206084e-01  
q[19]: 4.8177332572172803e-04  9.7035324589874195e-01  5.0903844474659055e-01  4.8394137833155643e-01  4.5883671000093385e-01  
q[20]: 3.8378086114352228e-04  9.8590423557131834e-01  9.6350677923136963e-01  4.9157097518830045e-01  1.9603669482167796e-02  
q[21]: 2.6381567678254005e-03  9.4169341876232338e-01  8.8217559021449476e-01  5.8696452106344743e-01  2.9173402075579619e-01  
q[22]: 4.8952461808099564e-04  9.6913846299502227e-01  9.4379214586251192e-01  4.8319919955338247e-01  4.5793262321076189e-01  
q[23]: 2.1419049181797285e-03  9.1357167108382242e-01  8.2714793542832599e-01  7.4074244711772042e-01  8.6259114363239381e-02  
q[24]: 4.8892433838251977e-04  9.6922750849782302e-01  9.4389521867846060e-01  9.1865044524924933e-01  4.5800162743516326e-01  
q[25]: 2.1365686364305794e-03  9.1501487245605329e-01  8.2823211244338113e-01  7.4142710415045221e-01  6.5462369852535440e-01  

