deg: 15
dim: 2
nodes: 47
q[0]:  9.5102247234592572e-03  -8.9812416817277008e-01  1.5668272485907869e-01  
q[1]:  2.1851980132876748e-02  -7.9723055932976605e-01  2.9721408787185455e-01  
q[2]:  4.7849073336929900e-02  -6.2851082300383010e-01  2.2632959197954475e-01  
q[3]:  8.0805529756904446e-03  -7.5218765648198227e-01  4.8397791447274896e-01  
q[4]:  3.9995448499149273e-02  -6.3495812719560929e-01  4.3510201071462501e-01  
q[5]:  7.0878994116979746e-02  -3.6148336918301066e-01  3.5815356247147340e-01  
q[6]:  2.2411546116036157e-02  -6.2780662605809923e-01  6.3613015372982340e-01  
q[7]:  5.4131183082138552e-02  -4.3165004748707297e-01  5.7233925996428459e-01  
q[8]:  8.1078355502919627e-02  -6.4537074896376362e-02  4.9055324455477239e-01  
q[9]:  4.7039277370898780e-03  -5.9204800870480367e-01  8.0650979663074851e-01  
q[10]: 2.9312395397983936e-02  -4.9359711140605234e-01  7.6508511728345596e-01  
q[11]: 5.8419196129298828e-02  -2.0603365516108196e-01  6.9285273003948811e-01  
q[12]: 5.1488496256900121e-02  2.3195998087886840e-01  5.9274026882130770e-01  
q[13]: 9.3637045738032693e-03  -5.1293703833499449e-01  9.1009020414789654e-01  
q[14]: 2.9229938690519892e-02  -3.2860059636665745e-01  8.4831633110402394e-01  
q[15]: 4.2161842701650146e-02  2.2564386083900709e-03  8.0637545257983456e-01  
q[16]: 3.0656731663464030e-02  1.5267776031533620e-01  6.8025954929985388e-01  
q[17]: 4.5284810003142266e-02  4.5390487992147210e-01  7.0793554184033125e-01  
q[18]: 4.9847758557804841e-03  -4.5114985280269293e-01  9.7710896614432186e-01  
q[19]: 1.0263492610330249e-02  -3.5883894440384428e-01  9.2966463995551207e-01  
q[20]: 1.4826357672680191e-02  -1.4595346824296521e-01  9.1321205847469344e-01  
q[21]: 2.1268226333225740e-02  2.4924778603416281e-01  8.2945401591732837e-01  
q[22]: 1.3330446675220469e-02  6.1357419116527978e-01  7.5952707194325131e-01  
q[23]: 8.6678802630566158e-03  7.5602067303514608e-01  6.8472411149515777e-01  
q[24]: 3.7158139053038747e-02  6.9720539470677778e-01  5.7943840803374125e-01  
q[25]: 1.5763289337525601e-02  8.3699506129200640e-01  4.2542153735391486e-01  
q[26]: 5.6508196990069079e-02  5.0989093956502329e-01  4.8122356679055006e-01  
q[27]: 1.3564383584174090e-02  6.0372616355585873e-01  3.9276775085597321e-01  
q[28]: 7.8437421157940140e-02  2.5885821129589215e-01  3.5041467585339853e-01  
q[29]: 4.0446236347533381e-02  7.5421591388681430e-01  3.0969470453631248e-01  
q[30]: 5.8532759427586081e-02  5.3942317098751003e-01  2.0855456982070708e-01  
q[31]: 7.3207260869580543e-02  -5.8065998919433877e-02  2.3902833297698747e-01  
q[32]: 1.6941914894342405e-02  9.0529789861723742e-01  1.8328756016598471e-01  
q[33]: 5.2384464644468991e-02  -3.7548912979713805e-01  1.3789792630683981e-01  
q[34]: 9.0257556982807022e-03  9.4946466209879987e-01  3.6321362463233184e-02  
q[35]: 3.2414623664686885e-02  7.7922082207838450e-01  9.8929391029064728e-02  
q[36]: 5.6151508569990453e-02  2.4253680053149404e-01  1.2285494747328697e-01  
q[37]: 3.7908879028549808e-02  -9.2599971387298169e-02  5.7419890629156749e-02  
q[38]: 2.5609594194892723e-02  -6.1096919531717364e-01  5.0450309209199282e-02  
q[39]: 2.3751488846777320e-02  -8.0794127391350179e-01  1.0180543140000008e-01  
q[40]: 6.4455024684968087e-03  7.9934915914689719e-01  2.8456262946941072e-03  
q[41]: 3.0500007284804342e-02  5.3190668432883859e-01  3.9738425926689622e-02  
q[42]: 1.4696434758443774e-02  1.9651996244776032e-01  9.9677988009789602e-03  
q[43]: 1.1683529706272486e-02  -3.2624525181290548e-01  1.0615418002136090e-02  
q[44]: 3.4610999051581134e-03  -5.3691820169283311e-01  9.8246183138419960e-03  
q[45]: 6.6782389889818170e-03  -8.2527425745039795e-01  8.0748810757941426e-03  
q[46]: 6.4796895280798458e-03  -9.5283353967991746e-01  3.1918207202356594e-02  

