deg: 13
dim: 2
nodes: 39
q[0]:  1.3672918058928490e-02  -8.8388995446288099e-01  1.9355444963411039e-01  
q[1]:  2.7988129001391360e-02  -7.8657720490827832e-01  1.1473735284660559e-01  
q[2]:  4.2433157210278308e-02  -7.2105726081138388e-01  3.4171884288298587e-01  
q[3]:  4.0661649177830127e-02  -5.6002410849697570e-01  2.5416546856014971e-01  
q[4]:  1.8539021287964995e-02  -7.1923671084843321e-01  5.1999074045123617e-01  
q[5]:  7.7717127429796806e-02  -4.5688548388382477e-01  4.9939626857229236e-01  
q[6]:  7.1611785093245103e-02  -1.2698107195553696e-01  4.0976247144369132e-01  
q[7]:  4.6285493778093684e-02  -5.4827233730505520e-01  6.9726733229290438e-01  
q[8]:  8.1938336246621640e-02  -1.6915962476601154e-01  6.6167230251562059e-01  
q[9]:  7.0150479550475070e-02  1.6889786244836691e-01  5.4049500897058445e-01  
q[10]: 1.0764266884434034e-02  -5.5549567971094338e-01  8.6966379380738545e-01  
q[11]: 4.9042012335118443e-02  -3.3376417753273480e-01  8.3646522542036306e-01  
q[12]: 6.1280353289926086e-02  1.2866778485244568e-01  7.6742509195754183e-01  
q[13]: 4.5911448042571752e-02  4.3920290603202838e-01  6.4514210401988625e-01  
q[14]: 1.4335650878064203e-02  -4.3015896783102830e-01  9.5897599798928268e-01  
q[15]: 2.5985397592066663e-02  -1.0444527258275071e-01  8.9645383335845075e-01  
q[16]: 1.5324637427727449e-02  3.4091064806863791e-01  8.1824968070251403e-01  
q[17]: 1.6546585305460694e-02  5.3675671245104561e-01  7.5616712291137955e-01  
q[18]: 1.2627081024286399e-02  7.2253543555875055e-01  7.1253508770169838e-01  
q[19]: 3.3258621297075491e-02  6.5972259796856980e-01  6.0766494059891796e-01  
q[20]: 2.0759045670626537e-02  8.1185215691389490e-01  4.8120349373577331e-01  
q[21]: 5.4277488479116530e-02  4.4925831171337177e-01  4.6229021643819540e-01  
q[22]: 5.6942978969229431e-02  6.9617683567026412e-01  3.5506574821916925e-01  
q[23]: 6.0931582091214860e-02  1.4903534324377563e-01  3.2158348812323156e-01  
q[24]: 2.4768749249957263e-02  8.8552545969823404e-01  2.1680830571151211e-01  
q[25]: 7.1189795141094539e-02  4.4147753890764718e-01  2.2806459485287689e-01  
q[26]: 1.3583077557747065e-03  2.1332229170443354e-01  2.1275291611588434e-01  
q[27]: 6.1110455748477358e-02  -3.0361998022229114e-01  2.5219064452894768e-01  
q[28]: 1.3697220186541029e-02  9.3641653461806140e-01  4.2921033890130446e-02  
q[29]: 4.6148723190525313e-02  7.2782237811171102e-01  1.1633659425523116e-01  
q[30]: 6.6507406793316071e-02  5.3802329473107244e-02  1.3363153588109916e-01  
q[31]: 2.4732655695634775e-02  -2.3876911792605951e-01  1.1541087724155227e-01  
q[32]: 2.9721315403428105e-02  -5.8361809661938868e-01  1.1136889031594456e-01  
q[33]: 1.0038249909489351e-02  7.3810833692841893e-01  3.7771488257521742e-03  
q[34]: 4.3875457010367297e-02  4.1150055113934697e-01  4.8074532047983357e-02  
q[35]: 1.9477878946420831e-02  2.2366018383409333e-02  1.2051756147611933e-02  
q[36]: 3.2135266175113260e-02  -3.7129736318284984e-01  3.7776372262010097e-02  
q[37]: 1.3095064954609685e-02  -7.1622323160798473e-01  1.1919521041080863e-02  
q[38]: 1.0658207717706160e-02  -9.3472246294724215e-01  3.3270873156910859e-02  

