deg: 8
dim: 2
nodes: 20
q[0]:  6.0198163412060177e-02  -7.8973446901386080e-01  2.6710150824216278e-01  
q[1]:  3.6636021060085212e-02  -6.4218778548980715e-01  6.6787162984078108e-01  
q[2]:  1.2009325373593990e-01  -5.0039482554019077e-01  4.6304190803491224e-01  
q[3]:  1.6342647373587321e-01  -1.7160992218644384e-02  4.9307642725687095e-01  
q[4]:  1.6532803649508154e-02  -4.9742803348327808e-01  9.2194006021291541e-01  
q[5]:  7.9333437163742387e-02  -3.5920807642565400e-01  7.6098379953155215e-01  
q[6]:  2.4328486492877981e-02  -3.1364219534118948e-01  9.4048758636550156e-01  
q[7]:  9.3295300242766957e-02  -4.0820762164306759e-03  7.7908186194269657e-01  
q[8]:  3.9453727165302009e-02  3.4552505947744844e-01  8.1689429757875154e-01  
q[9]:  4.2061453666932563e-02  7.2790371663091025e-01  6.5751073807228111e-01  
q[10]: 1.2429021199620695e-01  4.6437419937707586e-01  5.7576113417096264e-01  
q[11]: 3.2114019268173789e-02  8.7774179370448424e-01  2.8976235612891599e-01  
q[12]: 9.1261537290521083e-02  6.6277124064455306e-01  3.2901394465603034e-01  
q[13]: 1.1736322920760021e-02  9.7222447142102641e-01  4.5405834517340170e-02  
q[14]: 1.5509545141006859e-01  2.1974064386949313e-01  2.2094540537632393e-01  
q[15]: 1.2635532615484119e-01  -3.7392036934922535e-01  1.8876175256886310e-01  
q[16]: 7.7298612232030259e-02  6.9309466507404283e-01  7.2391036488126975e-02  
q[17]: 5.5254181018850261e-02  1.3860832790601305e-01  2.6344220803590855e-02  
q[18]: 4.7617954805038672e-02  -4.3817478576728169e-01  4.0994364894156275e-02  
q[19]: 4.1117262578420369e-02  -8.4949591522759127e-01  5.3308450613627163e-02  

