deg: 5
dim: 2
nodes: 10
q[0]: 6.9348088451016227e-02  -8.5604467545672414e-01  2.6308882652999932e-01  
q[1]: 2.8937120848668146e-01  -3.9377806743488514e-01  5.3045554698215580e-01  
q[2]: 6.9767300886087999e-02  -4.6607289205186714e-01  9.0197881657459245e-01  
q[3]: 1.3547363846595642e-01  4.1865529691752570e-02  7.7011187232762357e-01  
q[4]: 1.2928038641548070e-01  4.6925951485779627e-01  7.1177560237789894e-01  
q[5]: 1.3399074633932945e-01  7.8106278273180696e-01  3.8068979736952890e-01  
q[6]: 2.0683198387611682e-01  2.6680827396505635e-01  3.3188585109317298e-01  
q[7]: 8.6681230594095479e-02  7.4548349242560152e-01  3.8732725868145794e-02  
q[8]: 1.9081011462457204e-01  3.9360876623500574e-02  1.3668187418580122e-01  
q[9]: 1.2594530186066308e-01  -6.1020562735536488e-01  6.6934481691711609e-02  

