deg: 6
dim: 2
nodes: 14
q[0]:  6.0563516120582896e-02  -8.5394350127607932e-01  2.3249041057406739e-01  
q[1]:  1.2438015132377998e-01  -4.7900933029494830e-01  4.0249242677675434e-01  
q[2]:  4.9123295643304074e-02  -5.4269282175566969e-01  8.5941592256975208e-01  
q[3]:  1.3132677506109519e-01  -4.4917219017833138e-01  6.0837682141682015e-01  
q[4]:  2.2824908069305980e-01  1.7503494464289818e-01  5.6099728574658381e-01  
q[5]:  1.0804913312630536e-01  -8.0120591180769155e-02  8.6503421754624399e-01  
q[6]:  1.0354366616991661e-01  6.1289479360165455e-01  6.7983273242653663e-01  
q[7]:  1.2997603214794241e-02  8.3664355413469149e-01  4.8545983585839708e-01  
q[8]:  4.3009157414376414e-02  9.1109906693782350e-01  2.1953995823463129e-01  
q[9]:  1.7957926344206876e-01  5.5679379291490161e-01  2.8177030697648381e-01  
q[10]: 1.7483438124434447e-01  -1.9544941636418253e-01  1.9192712251668403e-01  
q[11]: 4.7348856398971940e-02  7.5390697642000837e-01  1.6559147994206325e-02  
q[12]: 1.0332331270146439e-01  1.5371765357550893e-01  6.9381466635233008e-02  
q[13]: 7.1171807445935653e-02  -6.9751306456219875e-01  3.5401383632667531e-02  

