deg: 14
dim: 2
nodes: 42
q[0]:  1.3068809468088324e-02  -9.1839853849114073e-01  9.0509597633815303e-02  
q[1]:  3.9335641043769513e-02  -7.4810144841323589e-01  1.9236975381499544e-01  
q[2]:  1.2460070431931210e-02  -8.4211170947622549e-01  2.8213231829518054e-01  
q[3]:  3.3122021391933293e-02  -6.9501598230494743e-01  4.1846670218658572e-01  
q[4]:  4.3151919646351476e-02  -5.0788438593936414e-01  3.6896396146788873e-01  
q[5]:  1.4199995091468401e-02  -6.9230569876559300e-01  5.7225043873983439e-01  
q[6]:  5.2653046416195635e-02  -4.9415648330524897e-01  5.9748902073897459e-01  
q[7]:  8.4464185748199236e-02  -2.0753579799127492e-01  4.8047327446392224e-01  
q[8]:  2.4329747408757780e-02  -5.6614422379162810e-01  7.6114998063625172e-01  
q[9]:  5.5809187763296027e-02  -2.7437324032516824e-01  7.2081185318169316e-01  
q[10]: 7.9149925686756273e-02  8.3888487446860588e-02  6.1497498823624419e-01  
q[11]: 4.5973539214238437e-03  -5.3430682361085924e-01  9.2907646824109136e-01  
q[12]: 3.0010918104817368e-02  -4.1192025914083963e-01  8.6874616518560255e-01  
q[13]: 4.3769455634653037e-02  -5.0557526003486758e-02  8.0923104819547276e-01  
q[14]: 5.3375141965132940e-02  3.4021322966506895e-01  7.2009904589504037e-01  
q[15]: 6.7590405114866933e-03  -4.3841663309978202e-01  9.7196619939074580e-01  
q[16]: 1.8713796321623313e-02  -2.1954253307115879e-01  9.1864920014302609e-01  
q[17]: 1.9304112439167440e-02  1.6023316263719972e-01  8.5098826245222536e-01  
q[18]: 1.9316421790551083e-02  5.4249197265027094e-01  7.6768635903117866e-01  
q[19]: 4.0817061128383958e-02  6.1993062197936455e-01  5.8757400493420986e-01  
q[20]: 7.4098437573582856e-03  7.3566959732579573e-01  7.1468604697128846e-01  
q[21]: 1.4787905809143350e-02  7.2396480533309637e-01  6.3462887497602460e-01  
q[22]: 1.9246395107627292e-02  8.2218184189929155e-01  4.5149259225297372e-01  
q[23]: 7.3055775795241237e-02  4.2829967114530593e-01  4.8036056843701175e-01  
q[24]: 8.6650610840865311e-02  1.5249392449937205e-01  3.5330115456603467e-01  
q[25]: 5.1787918574676184e-02  7.1396491960380404e-01  3.3954726686745312e-01  
q[26]: 7.3494213254001656e-02  -1.6910320754832206e-01  2.3374174745458035e-01  
q[27]: 2.1115250980788203e-02  8.9288774807493698e-01  2.0407653172405948e-01  
q[28]: 6.7816791635485957e-02  4.9419427100046703e-01  2.2341489005382106e-01  
q[29]: 3.2950090048338501e-02  -4.7496063028730079e-01  2.7788647789145976e-01  
q[30]: 3.7896305916477364e-02  7.6133586055969538e-01  1.0813404685654655e-01  
q[31]: 6.0924305065016081e-02  1.9135484437610079e-01  1.2590576096883094e-01  
q[32]: 1.7525888623098840e-02  -1.2022422468015032e-01  9.5502953827658235e-02  
q[33]: 4.8844709982286405e-02  -4.9904924235936837e-01  1.1336802670545135e-01  
q[34]: 1.0554715988321976e-02  9.4667242873166302e-01  4.1478003461006378e-02  
q[35]: 7.3024530911156736e-03  7.9606118829654815e-01  2.8595081649554800e-03  
q[36]: 3.4137405719629400e-02  5.0791552913908233e-01  4.1708282640659781e-02  
q[37]: 1.6403910792476519e-02  1.5408154607023436e-01  1.1244382680166818e-02  
q[38]: 2.9939516916173928e-02  -1.9603624434569608e-01  4.0865978858536565e-02  
q[39]: 1.1210622742967075e-02  -5.0146179607195740e-01  6.9592949126065767e-03  
q[40]: 2.2410205017031355e-02  -7.6474918324189300e-01  3.9183930584052291e-02  
q[41]: 3.6273124278923042e-03  -9.4865166470614726e-01  6.1672616494616939e-03  

