deg: 9
dim: 2
nodes: 19
q[0]:  6.1958543574109681e-02  -7.8570746599308416e-01  2.1373518638029101e-01  
q[1]:  3.2327731783070905e-02  -7.1502283618899198e-01  5.5454636451874550e-01  
q[2]:  1.0550333986733555e-01  -5.2844060188853326e-01  3.9483924649259589e-01  
q[3]:  1.5533076574309601e-01  -1.0455217246075597e-01  4.8476685285851906e-01  
q[4]:  1.0870999475356456e-01  -4.1906746771753062e-01  7.3179482711628208e-01  
q[5]:  1.2493828221078383e-01  1.4942545350371750e-01  7.1050594659831268e-01  
q[6]:  2.3491998296110803e-02  -4.9348867494337301e-01  9.2897038241331142e-01  
q[7]:  5.0335391673664215e-02  -1.4574546860747503e-01  8.9544480141535654e-01  
q[8]:  4.8676114003320226e-02  5.1401466284795960e-01  7.6311573130440558e-01  
q[9]:  3.7956030832801690e-02  7.7202079234625698e-01  5.9061165957747175e-01  
q[10]: 1.3532634959987849e-01  5.3253125404646939e-01  4.6824556498656766e-01  
q[11]: 7.2033515002038556e-02  8.2435857494194065e-01  2.3609987852252939e-01  
q[12]: 1.5091201427962833e-01  2.5014587868322319e-01  2.4093296708207185e-01  
q[13]: 1.1973580716057648e-01  -2.9929420549943042e-01  1.6112352831340221e-01  
q[14]: 1.5262857072587744e-02  9.3621292775892695e-01  2.9026808122658260e-02  
q[15]: 7.6197411934648379e-02  6.0176693023823535e-01  6.7405757821054735e-02  
q[16]: 5.4860430708470576e-02  4.2731402406414390e-02  2.6644616188941008e-02  
q[17]: 4.7062457905438906e-02  -6.2293486387755304e-01  3.8138538146115349e-02  
q[18]: 1.6880963598874948e-02  -9.2546729687764251e-01  4.5810449929100529e-02  

