deg: 1
dim: 2
nodes: 1
q[0]: 1.4375000000000018e+00  1.0869565217391913e-02  4.0942028985507301e-01  

