deg: 11
dim: 2
nodes: 30
q[0]:  1.6036571148689525e-02  -9.0948362819273620e-01  1.2954088243317630e-01  
q[1]:  5.8152390727117406e-02  -6.9898534407427182e-01  2.1427995618051726e-01  
q[2]:  3.8022380058247908e-02  -7.4631377429455603e-01  3.9187236551008442e-01  
q[3]:  9.9624069297462842e-02  -3.8436882469883055e-01  3.8204121636477317e-01  
q[4]:  1.6616028789015448e-02  -6.5907407886106628e-01  6.1466464283903832e-01  
q[5]:  6.7210182911653482e-02  -4.8839607825868236e-01  5.9020649402782877e-01  
q[6]:  1.0397060286320695e-01  -6.6504723770531335e-02  5.9795666844805107e-01  
q[7]:  1.7859177928302702e-02  -5.6513801172467948e-01  7.9336029688698362e-01  
q[8]:  4.3644145681246242e-02  -3.8353505488273121e-01  7.9273030618959528e-01  
q[9]:  5.6568949208560142e-02  -1.1729546642982297e-01  8.0488245819296633e-01  
q[10]: 9.3683253837569674e-02  3.7589206502914690e-01  6.5684538845401064e-01  
q[11]: 1.5491374155737448e-02  -4.7623865411500216e-01  9.4075713257387039e-01  
q[12]: 1.7989657941827612e-02  -2.7307915022492435e-01  9.3661200184620419e-01  
q[13]: 3.7590938005163860e-02  1.7772053871847707e-01  8.3445828275611122e-01  
q[14]: 3.1463865764017808e-02  6.2306841426332982e-01  7.3825228283393074e-01  
q[15]: 2.9504756283689891e-02  7.7570875014150908e-01  5.6744785656946062e-01  
q[16]: 8.8687884940249304e-02  6.2368508660670152e-01  4.2751629388657847e-01  
q[17]: 9.6992863125122411e-02  1.7471478868219109e-01  4.1626685390738366e-01  
q[18]: 3.7396394004992811e-02  8.6112049459617623e-01  2.5682379836712438e-01  
q[19]: 8.1833228922225998e-02  3.6395885291897018e-01  2.3790019564192333e-01  
q[20]: 7.3806771519015518e-02  -1.1550613563558471e-01  2.3928256320745089e-01  
q[21]: 6.2137477929784551e-02  6.7023177226192909e-01  1.3637723551313333e-01  
q[22]: 6.0525482478599936e-02  2.4376427624290439e-01  5.5050541725143565e-02  
q[23]: 4.8448855801831288e-02  -1.3464401721140079e-01  1.1681119783215932e-01  
q[24]: 3.8334101222673819e-02  -4.6453186308591016e-01  1.2294917711448605e-01  
q[25]: 2.0561198367794159e-02  9.1974920767930513e-01  4.9330422468366705e-02  
q[26]: 1.7415847195763345e-02  6.4735672461072058e-01  8.8033654573191952e-03  
q[27]: 2.0472001513639281e-02  -2.3508440695164123e-01  6.6045380557567370e-03  
q[28]: 3.3116128544519639e-02  -6.2763414217955682e-01  4.6684400555210309e-02  
q[29]: 1.4343419832278883e-02  -8.9172074613111840e-01  2.4097425648797348e-02  

