deg: 4
dim: 2
nodes: 7
q[0]: 1.7262254631518209e-01  -6.3240072587666940e-01  5.9585611411621964e-01  
q[1]: 2.3467657863120200e-01  -1.1545378452111114e-01  4.2105343793221756e-01  
q[2]: 2.0760173105953869e-01  -7.2310985889814258e-02  8.4585725443060955e-01  
q[3]: 2.6955099786552295e-01  6.3866766685196275e-01  5.2160291229288613e-01  
q[4]: 1.0390579120173390e-01  7.7942422287382707e-01  4.7855586558382152e-02  
q[5]: 2.7554546673845182e-01  1.1795483072395639e-01  1.7702933147083419e-01  
q[6]: 1.7359688818836846e-01  -6.8402325070335934e-01  9.7467004470638538e-02  

