deg: 7
dim: 2
nodes: 12
q[0]:  9.3713729850113697e-02  -7.7519328825164202e-01  2.4890917107509800e-01  
q[1]:  1.7215723764351684e-01  -2.5973709364318809e-01  1.0956681701942797e-01  
q[2]:  2.1861207673159333e-01  -3.5935543938147091e-01  4.6482765675646520e-01  
q[3]:  2.0526252418478677e-01  1.1150113109523350e-01  6.8838333200879342e-01  
q[4]:  7.0468335165564971e-02  -5.9507956147858310e-01  7.0992290279085635e-01  
q[5]:  8.0103739711528649e-02  -3.1154570554996569e-01  9.0297408857913009e-01  
q[6]:  4.9845372853544762e-02  5.2170109673003395e-01  7.8156547845609281e-01  
q[7]:  1.2322149515877179e-01  7.1692508424473533e-01  4.9702082297889899e-01  
q[8]:  2.3935363483758845e-01  3.3126039755851200e-01  2.8938702267111982e-01  
q[9]:  8.5412528763746873e-02  8.4114903272320507e-01  1.1398800419445014e-01  
q[10]: 5.8147497566532674e-02  4.0218012894566962e-01  1.2728759841867363e-02  
q[11]: 4.1201827532710893e-02  -8.0856191134395972e-01  2.7541414157909602e-02  

