deg: 3
dim: 2
nodes: 5
q[0]: 1.7175512386963096e-01  -7.3200764972301124e-01  3.1689133288010346e-01  
q[1]: 3.9834159495385896e-01  -2.0281933402385671e-01  7.4808711782294390e-01  
q[2]: 2.7019900938905911e-01  5.8896502583342147e-01  5.5239809198414203e-01  
q[3]: 3.0879807542688098e-01  5.4335188718449889e-01  1.5225986882501799e-01  
q[4]: 2.8840619636056969e-01  -3.6331168801205016e-01  1.3815503848035723e-01  

