deg: 10
dim: 2
nodes: 24
q[0]:  1.2093307643679895e-02  -9.5236444079976101e-01  4.9105173664229021e-02  
q[1]:  3.5699051474647706e-02  -7.9303872361929595e-01  3.3496170947217674e-01  
q[2]:  1.2229687184262712e-01  -4.3569679562917180e-01  3.7871192645580548e-01  
q[3]:  7.3912569113047055e-02  -5.8674432204611326e-01  6.0872563654093681e-01  
q[4]:  1.4313881579878124e-01  -2.0701366962594701e-02  5.3058287502980095e-01  
q[5]:  2.0925056967524801e-02  -5.4540221931996824e-01  8.6888556030539188e-01  
q[6]:  9.8280043432828867e-02  -2.7340491335914419e-01  7.6149043747077150e-01  
q[7]:  2.6303109724146814e-02  -3.5638990810395188e-01  9.4476871879417579e-01  
q[8]:  6.2852653634503805e-02  9.1828025647149730e-02  8.3299481993709346e-01  
q[9]:  2.9489301531854535e-02  6.0012305739289451e-01  7.5350070714738326e-01  
q[10]: 3.6628283778800223e-02  7.5305014000332227e-01  5.8256547919401691e-01  
q[11]: 1.0261782816863672e-01  3.8444655201196259e-01  6.4444394086290546e-01  
q[12]: 4.2288589750463054e-02  7.8430796999515140e-01  3.6715113476764116e-01  
q[13]: 1.0378514547235851e-01  5.1289588695316857e-01  3.8181027414885826e-01  
q[14]: 3.2712714790956270e-02  8.7588610106919351e-01  1.7226078398109906e-01  
q[15]: 7.4860024491159610e-02  6.0096613962457512e-01  1.2439870390088929e-01  
q[16]: 1.3339154103707115e-01  1.2361297233072330e-01  2.4495871637189404e-01  
q[17]: 8.1428893290591040e-02  -3.3241703410694262e-01  1.4900765642581515e-01  
q[18]: 6.0163549378485739e-02  -7.4430989331041930e-01  1.5353238167849653e-01  
q[19]: 1.0933082108136889e-02  9.3969263801098302e-01  3.7308267627511937e-02  
q[20]: 1.4840254410032581e-02  7.4786354133582356e-01  8.7757688088603136e-03  
q[21]: 5.4019734577144159e-02  2.4142791254215898e-01  4.0425840155605484e-02  
q[22]: 4.0096978089408382e-02  -2.4038421716654737e-01  3.7281940017438238e-02  
q[23]: 2.4742599493113648e-02  -6.9646935458045389e-01  1.8396418826437985e-02  

