deg: 12
dim: 2
nodes: 32
q[0]:  1.2573699632716541e-02  -9.2745347906088027e-01  9.1427456084937228e-02  
q[1]:  7.9306686316915932e-03  -9.0179651480948519e-01  9.7189181106315647e-03  
q[2]:  4.3893174418451378e-02  -7.6239057477190575e-01  1.9377992562147792e-01  
q[3]:  2.1047513542590324e-02  -7.9760059694252594e-01  3.5725534191649921e-01  
q[4]:  6.9342760903606013e-02  -5.1882924507232986e-01  3.2595965505618080e-01  
q[5]:  5.0473931552099033e-02  -6.1014662413251342e-01  5.2461671650520614e-01  
q[6]:  8.2433799654917525e-02  -2.6950028919154329e-01  4.7773645869235942e-01  
q[7]:  1.6100531967989631e-02  -6.3600915270600022e-01  6.7509454347747744e-01  
q[8]:  8.4755529129908164e-02  -4.3252167433788527e-02  6.2257241930448626e-01  
q[9]:  1.8543121142793266e-02  -5.3122705091047362e-01  8.6071178145943006e-01  
q[10]: 5.9362598056501605e-02  -4.0902382194134224e-01  7.1563535855334515e-01  
q[11]: 6.9805770891673502e-02  1.9274339956797606e-01  7.4080930522572597e-01  
q[12]: 1.5913999708709572e-02  -4.2081837476220291e-01  9.5743419149025766e-01  
q[13]: 4.7714594262957585e-02  -2.4210049758050417e-01  8.4393700672262761e-01  
q[14]: 2.3155121125329078e-02  -3.0678488805686851e-02  8.8881214209738624e-01  
q[15]: 2.7868348874224461e-02  4.4723318204813145e-01  7.8550688136761171e-01  
q[16]: 1.6403199774371553e-02  7.1906906751240762e-01  7.0644199996475443e-01  
q[17]: 5.6545155356602698e-02  5.3964608258488178e-01  5.8698184145548271e-01  
q[18]: 2.3929059936663485e-02  6.7756074666613153e-01  6.0749229105487013e-01  
q[19]: 1.0332012806843115e-01  3.2359968437784242e-01  4.5175251501540958e-01  
q[20]: 2.8477669921395665e-02  8.2122024161470719e-01  4.3093336534158094e-01  
q[21]: 7.4062126551760116e-02  6.8014660341877631e-01  2.9919144181690366e-01  
q[22]: 1.0795148232043991e-01  1.6994491284554662e-02  2.9331910386117516e-01  
q[23]: 8.4201372945185093e-02  4.1611279817630664e-01  1.6328549199571699e-01  
q[24]: 7.9246666364518645e-02  -3.3584197718927233e-01  1.5383374323362128e-01  
q[25]: 2.7208090362112504e-02  8.9940865752385823e-01  1.5585218971164710e-01  
q[26]: 3.9406480852109682e-02  7.3633502637065695e-01  5.8255204703730704e-02  
q[27]: 3.9520660428767902e-02  -6.6021172684648755e-01  5.4593385753134549e-02  
q[28]: 6.7809939074586073e-03  9.4865229148037011e-01  1.3729964290564788e-02  
q[29]: 1.9147655754120634e-02  4.2377762820105508e-01  9.2234281948895252e-03  
q[30]: 6.0742142590738658e-02  5.2473277109260683e-02  6.3888259895130917e-02  
q[31]: 1.9641951369164145e-02  -3.2314134383147830e-01  9.6563472977872922e-03  

