deg: 2
dim: 2
nodes: 4
q[0]: 2.2096685828831281e-01  -5.4708140553354101e-01  2.9721272539450261e-01  
q[1]: 3.2907840765755875e-01  -3.3154812974636155e-01  8.2855034729709809e-01  
q[2]: 5.5218397747764847e-01  6.0875308054212374e-01  3.9688771258074629e-01  
q[3]: 3.3527075657647987e-01  -2.7001015010205764e-01  9.2624958145919090e-02  

