deg: 8
dim: 2
nodes: 18
q[0]:  5.4487303508470751e-03  1.1884228865757357e-01  1.9335592479972758e-02  
q[1]:  1.2426777390965446e-02  1.0038224237279154e-01  6.7041891411134077e-02  
q[2]:  9.6293841487658689e-03  2.8359565458130193e-01  3.7497492952850492e-03  
q[3]:  4.0934394293003044e-02  3.2431820230144348e-01  1.2938888058995412e-01  
q[4]:  2.9880655698235826e-02  3.3070525145301038e-01  2.8876571411752788e-01  
q[5]:  1.1150103727014676e-02  5.5242325014801574e-01  5.6490146566068686e-03  
q[6]:  5.0689256747862621e-02  5.6066861424467607e-01  1.2869905371928100e-01  
q[7]:  6.0303969825101861e-02  5.8646257625063525e-01  3.8348022086018652e-01  
q[8]:  3.0221491526826263e-02  6.3373801197017809e-01  5.9464101529984104e-01  
q[9]:  1.6954019799068864e-02  8.0211442145009404e-01  3.1189351626651735e-02  
q[10]: 3.8328502854381927e-02  8.0063144162730449e-01  1.6199103670909112e-01  
q[11]: 5.6939332421403373e-02  7.9803855948642433e-01  3.9660984691912932e-01  
q[12]: 4.6272474069292031e-02  8.5747375315765884e-01  7.1367896532524089e-01  
q[13]: 8.3603498949559076e-03  9.0354469513046221e-01  9.0174086910524798e-01  
q[14]: 1.4233895408606452e-02  9.6107852720080011e-01  5.6905284194680800e-02  
q[15]: 2.9240722934896841e-02  9.5856805727635563e-01  2.7622255143212915e-01  
q[16]: 3.0350413237114522e-02  9.6096822692650197e-01  5.8072731653386078e-01  
q[17]: 8.6355256716574447e-03  9.9819566472144194e-01  8.9039126321922302e-01  

