deg: 12
dim: 2
nodes: 33
q[0]:  3.6804342288406125e-03  4.7402204753264537e-02  2.4100814668598793e-02  
q[1]:  7.5271103978885433e-03  1.4334957141296406e-01  2.2331365664323859e-02  
q[2]:  1.4119923811085748e-02  2.1843989596979421e-01  1.1192256968538405e-01  
q[3]:  7.2550513157779214e-03  1.4577117538907358e-01  1.2503666384355530e-01  
q[4]:  1.0265830797351997e-02  3.0403362766454156e-01  2.1661376056640372e-02  
q[5]:  2.0983773840054395e-02  3.6577033683830995e-01  1.1167408391625305e-01  
q[6]:  2.1886170753351704e-02  3.7834851579743095e-01  2.5300751147102479e-01  
q[7]:  1.1954795838387806e-02  3.1372146131549361e-01  2.8844536774252583e-01  
q[8]:  1.2943431241695830e-02  5.0571533905337818e-01  2.4412151447760707e-02  
q[9]:  2.3592992938670333e-02  5.5084513642307731e-01  1.2304873021777257e-01  
q[10]: 3.1077958980042220e-02  5.4923812845965703e-01  2.7038125598697482e-01  
q[11]: 2.5065267938194510e-02  5.5576900197518198e-01  4.3799858654339535e-01  
q[12]: 1.1761382227365468e-02  5.1054802741949068e-01  4.8810870257760686e-01  
q[13]: 9.8638513812315167e-03  7.0934211670346137e-01  1.9739563013259111e-02  
q[14]: 2.0051037058873004e-02  7.2085132079383174e-01  1.0467199054395988e-01  
q[15]: 3.1937376257591056e-02  7.3892219243407509e-01  2.6160506157241592e-01  
q[16]: 3.1422803829701133e-02  7.2444027061173222e-01  4.4609553320147161e-01  
q[17]: 2.2248148567725164e-02  7.4224556727682922e-01  6.1841752146331730e-01  
q[18]: 1.1778028483858997e-02  7.0955749082677155e-01  6.8457630541609826e-01  
q[19]: 9.0992236663966393e-03  8.7768116351035563e-01  2.6246632086335847e-02  
q[20]: 1.7556723736777729e-02  8.7165214281752190e-01  1.2967986258497674e-01  
q[21]: 1.9715600600664056e-02  8.9549680699152978e-01  2.7927663099806299e-01  
q[22]: 2.3496332946780732e-02  8.7721276001181814e-01  4.4789261178979534e-01  
q[23]: 2.1047683439615338e-02  8.8339951676590378e-01  6.2620153768903153e-01  
q[24]: 1.4657953415839689e-02  8.8826660993082274e-01  7.7718712953204994e-01  
q[25]: 7.6674843516901332e-03  8.7323182775742880e-01  8.5134533490187314e-01  
q[26]: 3.3368244633299616e-03  9.7697995671210336e-01  2.1619373782398026e-02  
q[27]: 8.8023137190817273e-03  9.7380372236333967e-01  1.1690262461278902e-01  
q[28]: 9.8227397103638221e-03  9.8011585756107356e-01  2.8171039195070763e-01  
q[29]: 1.2843013514528049e-02  9.7597703272803549e-01  4.8572807045113103e-01  
q[30]: 1.1065139971509702e-02  9.7689106319658137e-01  6.8837782978484197e-01  
q[31]: 7.6087248566757389e-03  9.7805030320695086e-01  8.5381570958590491e-01  
q[32]: 3.8648717190586965e-03  9.7532939431431354e-01  9.5133039293546495e-01  

