efficiency: 0.777778
deg: 5
dim: 2
nodes: 9
q[0]: +1.9396383305959459e-02  +2.1234053823915294e-01  +2.3931132287080627e-02
q[1]: +3.1034213289535161e-02  +2.1234053823915294e-01  +1.0617026911957650e-01
q[2]: +1.9396383305959452e-02  +2.1234053823915294e-01  +1.8840940595207231e-01
q[3]: +6.3678085099885040e-02  +5.9053313555926534e-01  +6.6554067839164538e-02
q[4]: +1.0188493615981617e-01  +5.9053313555926534e-01  +2.9526656777963273e-01
q[5]: +6.3678085099885026e-02  +5.9053313555926534e-01  +5.2397906772010072e-01
q[6]: +5.5814420483044302e-02  +9.1141204048729585e-01  +1.0271765480962629e-01
q[7]: +8.9303072772870959e-02  +9.1141204048729585e-01  +4.5570602024364804e-01
q[8]: +5.5814420483044275e-02  +9.1141204048729585e-01  +8.0869438567766949e-01

