efficiency: 0.939394
deg: 12
dim: 2
nodes: 33
q[0]:  +3.0858389491381691e-03  +4.2651591367164218e-02  +2.1563516037426463e-02
q[1]:  +8.7532671234187651e-03  +1.4310662734466731e-01  +1.1726981370914703e-01
q[2]:  +8.5896572330290497e-03  +1.4105175404966530e-01  +2.5680003378442937e-02
q[3]:  +1.7351721287627322e-02  +2.5516699841458285e-01  +1.2650881188744348e-01
q[4]:  +1.0963809630001667e-02  +3.0241869263814047e-01  +2.2375236098584168e-02
q[5]:  +2.0175799571864259e-02  +3.9174681218912433e-01  +1.1334812688724734e-01
q[6]:  +2.0018988799432341e-02  +3.8877396347131365e-01  +2.7236039102430509e-01
q[7]:  +1.1304251323972954e-02  +3.0608744298203627e-01  +2.8301611935061871e-01
q[8]:  +1.2882442703106680e-02  +5.1078552927350551e-01  +2.3528158793970577e-02
q[9]:  +2.1613761501735572e-02  +5.6293285892931155e-01  +1.2051427061389994e-01
q[10]: +3.1432449081100343e-02  +5.4142346712921585e-01  +2.6856680924420762e-01
q[11]: +2.2146797654056059e-02  +5.5675611634231570e-01  +4.3614436197088674e-01
q[12]: +1.2845093393062812e-02  +5.1329430853587221e-01  +4.8968963544636940e-01
q[13]: +1.1325660295849577e-02  +7.1840880001755292e-01  +2.3070109348010948e-02
q[14]: +1.9941249504608686e-02  +7.2422346836585694e-01  +1.1619776601577703e-01
q[15]: +3.1421439403745331e-02  +7.3034854833286644e-01  +2.7231582888143357e-01
q[16]: +3.1447080013626137e-02  +7.2628782186621998e-01  +4.5608704134732614e-01
q[17]: +2.0551407939651354e-02  +7.2431890093656981e-01  +6.0972205861958273e-01
q[18]: +1.1013506393182651e-02  +7.1922022800549879e-01  +6.9661312126166741e-01
q[19]: +8.6325328564364825e-03  +8.8399465203715655e-01  +2.5603651109325252e-02
q[20]: +1.7421834614794105e-02  +8.7140269550489324e-01  +1.2711264798609981e-01
q[21]: +2.0077913980643267e-02  +8.8594358843688104e-01  +2.7522545867495318e-01
q[22]: +2.1771454211607966e-02  +8.7954812639184388e-01  +4.3909654445048246e-01
q[23]: +2.0358162653782735e-02  +8.8251894847237566e-01  +6.0567245412721371e-01
q[24]: +1.7425789992100520e-02  +8.7384738307388587e-01  +7.4536511922227766e-01
q[25]: +8.7031008835056194e-03  +8.8347881518645244e-01  +8.5751965213766013e-01
q[26]: +3.0764326720017282e-03  +9.7884687554142091e-01  +2.1408907884382558e-02
q[27]: +8.7433191482108059e-03  +9.7400759234497258e-01  +1.1649442855810360e-01
q[28]: +1.1040608570080050e-02  +9.7745152322941020e-01  +2.8154211969411730e-01
q[29]: +1.2862751946900135e-02  +9.7645511836171084e-01  +4.8842516553568105e-01
q[30]: +1.1411021940390852e-02  +9.7668818963464621e-01  +6.9581348971747692e-01
q[31]: +8.5287255540929269e-03  +9.7465451023678451e-01  +8.5892548741821440e-01
q[32]: +3.0821291732431293e-03  +9.7846901473862913e-01  +9.5734743843921766e-01

