deg: 13
dim: 2
nodes: 38
q[0]:  3.7108801398195741e-03  4.8815392438844279e-02  2.1953876810108040e-02  
q[1]:  3.9756505044459423e-03  1.1510072704566293e-01  9.7450004078733610e-02  
q[2]:  7.4517858457350799e-03  1.5380871004629207e-01  2.0604290718801644e-02  
q[3]:  1.4557327584774068e-02  2.1224066354715226e-01  1.0737029517268455e-01  
q[4]:  6.0550094049760641e-03  2.0779103600149634e-01  1.8473509315635381e-01  
q[5]:  9.0853930948537141e-03  3.1979400016750997e-01  1.9243481394009450e-02  
q[6]:  1.8006607287517053e-02  3.5664568972424016e-01  9.5972363761016255e-02  
q[7]:  1.5270049220437166e-02  4.2022657877684405e-01  2.0810715641720370e-01  
q[8]:  1.8664109694299200e-02  3.6759894888487432e-01  2.6594742109436331e-01  
q[9]:  8.5628984677609335e-03  3.4694261833016821e-01  3.2775887582150626e-01  
q[10]: 8.8781519509557351e-03  5.1425363743135999e-01  1.7202481461957866e-02  
q[11]: 2.0639216113843298e-02  5.4602020178230415e-01  9.2067588104514902e-02  
q[12]: 2.3444929578895955e-02  5.7967894852687496e-01  2.2065416275155247e-01  
q[13]: 3.6358410027962375e-03  5.1839831044924722e-01  2.6528869689149276e-01  
q[14]: 2.5320960535418088e-02  5.9426473336456820e-01  3.8183261849873068e-01  
q[15]: 1.9090547801127167e-02  5.4384585562189047e-01  4.5951222445763218e-01  
q[16]: 7.6663146178914754e-03  5.3414798143848030e-01  5.1910638248366991e-01  
q[17]: 9.7650160802177782e-03  7.0999563868236071e-01  2.0967950919037612e-02  
q[18]: 1.8951399088966588e-02  7.3948433469462460e-01  1.0426901060840069e-01  
q[19]: 2.1143341436901292e-02  7.4056281836060933e-01  2.2528088924747072e-01  
q[20]: 2.4316057735448319e-02  7.5573088703127622e-01  3.7306457364446183e-01  
q[21]: 2.0733201355807487e-02  7.6604448597379304e-01  5.2306615279799451e-01  
q[22]: 1.9916244614473763e-02  7.3451343007586700e-01  6.2289511909095463e-01  
q[23]: 1.0199879716579282e-02  7.2296367717220944e-01  7.0007089688930368e-01  
q[24]: 7.8087484947185299e-03  8.7328301894337090e-01  2.2374623767206621e-02  
q[25]: 1.5580282818751654e-02  8.9009094081776197e-01  1.1620368893480275e-01  
q[26]: 2.1534511598433604e-02  8.8543197859243372e-01  2.6988099635187890e-01  
q[27]: 2.1979727281135092e-02  8.9800727430061034e-01  4.6178921717309279e-01  
q[28]: 1.9271288961207604e-02  8.9576442607474982e-01  6.4772137714294420e-01  
q[29]: 1.4691742269214573e-02  8.8500739865559797e-01  7.8426191651933364e-01  
q[30]: 6.2552621757153634e-03  8.7854237040186178e-01  8.6021425020851294e-01  
q[31]: 3.9339056720270977e-03  9.7500969663373238e-01  2.4343915951519312e-02  
q[32]: 7.1915918307702683e-03  9.7895880821789316e-01  1.2362831474714697e-01  
q[33]: 1.0540203267274267e-02  9.7708306452416860e-01  2.8299273456523505e-01  
q[34]: 1.0206390859341647e-02  9.8021475651419543e-01  4.7762002656512009e-01  
q[35]: 9.9206287468600416e-03  9.7958166470111607e-01  6.7670602255403745e-01  
q[36]: 8.0141652009443134e-03  9.7801509920230678e-01  8.4555942181560695e-01  
q[37]: 4.0307379496646719e-03  9.7613768796794675e-01  9.5001720993135541e-01  

