efficiency: 0.916667
deg: 10
dim: 2
nodes: 24
q[0]:  +4.7172020468358054e-03  +5.1919451285478271e-02  +3.0926849434691320e-02
q[1]:  +1.4186340001048540e-02  +1.6915055714891974e-01  +3.2869634353409352e-02
q[2]:  +3.2568238731696529e-02  +3.5483386733066552e-01  +1.5563582096357562e-01
q[3]:  +1.7595273989245742e-02  +2.0076770179596631e-01  +1.6171661690388764e-01
q[4]:  +1.9059922682110344e-02  +3.8253502798039762e-01  +3.0041139597396585e-02
q[5]:  +3.7581722841523786e-02  +5.7436685332367499e-01  +1.4829228255086860e-01
q[6]:  +2.8239691660051906e-02  +4.7354754049826991e-01  +3.2862474485295645e-01
q[7]:  +1.7393020667760342e-02  +4.0516786960420326e-01  +3.7680871903953123e-01
q[8]:  +1.8892149475843251e-02  +6.4029496957957543e-01  +2.9625643094977297e-02
q[9]:  +4.1830177217068353e-02  +6.6959822683825498e-01  +3.3664373218691568e-01
q[10]: +2.8335244782794072e-02  +6.5557427442748739e-01  +5.0877175163254129e-01
q[11]: +1.7811057722494698e-02  +6.5019546547681339e-01  +6.2038298951839166e-01
q[12]: +1.3971313097203841e-02  +8.5855100347641877e-01  +3.1844490286529817e-02
q[13]: +3.1877850796886396e-02  +8.0015944167984931e-01  +1.5196204121595558e-01
q[14]: +2.8709041024401420e-02  +8.5498368826223003e-01  +3.2267149813203699e-01
q[15]: +2.9303631459376697e-02  +8.5568670196225338e-01  +5.1194987287318550e-01
q[16]: +2.7548999853998904e-02  +8.3371438859583769e-01  +6.7120588370010226e-01
q[17]: +1.4090528925222574e-02  +8.5632089490207663e-01  +8.2297857031926080e-01
q[18]: +4.7154437370487022e-03  +9.7729785781334266e-01  +2.8989194601028744e-02
q[19]: +1.7115251831523699e-02  +9.6079315043048386e-01  +1.5455090900765492e-01
q[20]: +1.7155997896119685e-02  +9.7152043443376612e-01  +3.6448385701471142e-01
q[21]: +1.7338720017826346e-02  +9.7100320086801561e-01  +6.0625883549391224e-01
q[22]: +1.4883305508890977e-02  +9.6597408232138893e-01  +8.1042151988181066e-01
q[23]: +5.0798740330273949e-03  +9.7461310667087897e-01  +9.4542586095379977e-01

