deg: 10
dim: 2
nodes: 24
efficiency: 0.916667

q[0]:  6.2385911059024734e-03  6.1852503710591665e-02  3.0521248647261374e-02  
q[1]:  1.2970910803173906e-02  1.8973761696192448e-01  2.9649522475488820e-02  
q[2]:  1.2935490228957814e-02  1.8719182229608947e-01  1.5752788613656599e-01  
q[3]:  1.7906101894410147e-02  3.9611923848476671e-01  3.0738078561020135e-02  
q[4]:  2.3775191558801680e-02  2.9344642235680968e-01  1.4592498038462592e-01  
q[5]:  3.1687439049646549e-02  4.8117351503004091e-01  1.5252638525042791e-01  
q[6]:  3.1241827126007243e-02  4.7708918255406818e-01  3.2052481563813290e-01  
q[7]:  1.8462721469227793e-02  3.9417956277643473e-01  3.6252047097577639e-01  
q[8]:  1.7113507645377266e-02  6.3207557897280930e-01  2.8669968582768407e-02  
q[9]:  3.0996029829283782e-02  6.7569208071421161e-01  1.4800874267665740e-01  
q[10]: 4.2716742033583513e-02  6.8304335935208127e-01  3.4523267519141176e-01  
q[11]: 3.0684800529436805e-02  6.6507242533345734e-01  5.2691693111083127e-01  
q[12]: 1.5769661428026667e-02  6.2931215010578867e-01  6.0325406305120644e-01  
q[13]: 1.7361877358151714e-02  8.4186620281131674e-01  3.9431228662540813e-02  
q[14]: 3.1620120676274399e-02  8.5214744542576770e-01  2.0080020928161682e-01  
q[15]: 3.4943903830407304e-02  8.6351754525056734e-01  4.2824408729233804e-01  
q[16]: 3.3129745222803611e-02  8.4792651285180509e-01  6.4510637964560991e-01  
q[17]: 1.7656822095759275e-02  8.4038929873921142e-01  8.0052253892112191e-01  
q[18]: 4.6887680049731012e-03  9.6962648367263471e-01  2.1425374058519037e-02  
q[19]: 1.3630213074376089e-02  9.6847870194039998e-01  1.3713224237720492e-01  
q[20]: 1.7672663512309256e-02  9.7264341940848231e-01  3.5499276554352682e-01  
q[21]: 1.8140608387022507e-02  9.7179092557343716e-01  6.1668942268069438e-01  
q[22]: 1.3948048643347819e-02  9.6792535749045772e-01  8.3074539843398953e-01  
q[23]: 4.7082144927393125e-03  9.6928210578385920e-01  9.4815404273572190e-01  

