deg: 14
dim: 2
nodes: 42
efficiency: 0.952381

q[0]:  3.1658129076324536e-03  4.4219548957580110e-02  2.3212203623064882e-02  
q[1]:  2.2764652186518164e-03  1.1208650061252176e-01  2.0384666103994303e-03  
q[2]:  1.1226265447797455e-02  1.6471111878835529e-01  6.3323884356767418e-02  
q[3]:  6.0282411647421819e-03  1.3709760972015111e-01  1.1893081172579220e-01  
q[4]:  1.0243425835479481e-02  2.7272475723749240e-01  2.4535360138649244e-02  
q[5]:  1.5703029890703431e-02  2.8098184382132246e-01  2.0845372743408810e-01  
q[6]:  1.9940682020132324e-02  3.3646059632791647e-01  1.3199320153457483e-01  
q[7]:  4.5732434998090477e-03  2.9264839381227498e-01  2.8654497001972690e-01  
q[8]:  5.5832806249097658e-03  4.4673327222633979e-01  8.5985250350118416e-03  
q[9]:  1.6918355174627073e-02  4.5502738665974329e-01  7.6109836783867610e-02  
q[10]: 2.4322248735237348e-02  4.6857540239463585e-01  2.9711420447452036e-01  
q[11]: 1.5250521726478823e-02  4.4492221120703351e-01  3.9610003818995121e-01  
q[12]: 4.5486038928175604e-03  5.3431329411356265e-01  5.2863641694082530e-01  
q[13]: 4.3229429309479582e-03  6.3841271550132761e-01  9.6500278535671356e-03  
q[14]: 1.5032015978289329e-02  6.1849296652713315e-01  6.1849649815161389e-02  
q[15]: 2.4797768892701327e-02  5.4520432583550582e-01  2.0264744281986544e-01  
q[16]: 2.7315513064629354e-02  6.6883830367831310e-01  3.7160923713538302e-01  
q[17]: 2.0566346109426387e-02  6.1564065298813786e-01  4.8439188662861166e-01  
q[18]: 1.3029856728414972e-02  6.6527072104899010e-01  6.1700972742316029e-01  
q[19]: 6.1355418832548143e-03  7.7511114988519714e-01  1.9664469042861982e-02  
q[20]: 1.6056257839371486e-02  8.0367024994403047e-01  9.4806566028476605e-02  
q[21]: 2.3795606665927789e-02  6.9674518900325799e-01  1.7890243831955091e-01  
q[22]: 2.4394534890339978e-02  7.9544436298626753e-01  3.3669012650922542e-01  
q[23]: 2.1104003628340105e-02  7.7398406826379496e-01  5.6372573322517583e-01  
q[24]: 1.6413369636169579e-02  8.2276428032159010e-01  7.2332807070681271e-01  
q[25]: 4.8096503022694113e-03  7.5750400011312746e-01  7.4722114435548048e-01  
q[26]: 5.3715102803543711e-03  8.9389578827156935e-01  1.9315361610270001e-02  
q[27]: 1.1183130594144291e-02  9.3589251645079907e-01  1.0234256721070052e-01  
q[28]: 1.9740409046280150e-02  8.7580928415961679e-01  2.2660125718440893e-01  
q[29]: 1.7483316857873202e-02  9.3839291693848093e-01  4.0636753565290684e-01  
q[30]: 2.1316734816008553e-02  8.7026609933894905e-01  5.2196818774457543e-01  
q[31]: 1.5449653202960050e-02  9.2457301259945612e-01  7.1556741762156106e-01  
q[32]: 8.1076397090267555e-03  9.5435689010136482e-01  8.6468622922310034e-01  
q[33]: 6.6686575264279591e-03  8.8645934808429416e-01  8.6103830762042810e-01  
q[34]: 2.8767795787894681e-03  9.7840736775373449e-01  2.0685729513343132e-02  
q[35]: 2.3634471895234948e-03  9.9694904747530633e-01  1.0714320356222012e-01  
q[36]: 1.0025939527715069e-02  9.7573211810462102e-01  2.4564577479986380e-01  
q[37]: 3.4915206238032531e-03  9.9847669526955141e-01  4.3131845208162350e-01  
q[38]: 1.1310094466897859e-02  9.7579281356064174e-01  6.0860793438673466e-01  
q[39]: 3.8615215067431463e-03  9.9475509385211991e-01  7.9839762679299597e-01  
q[40]: 1.6247095806644078e-03  9.9484038307508726e-01  9.4820643756784273e-01  
q[41]: 1.5713508036866023e-03  9.6804037742130011e-01  9.6195840440916702e-01  

