efficiency: 1
deg: 9
dim: 2
nodes: 19
q[0]:  +8.3110072762315086e-03  +8.4785421123268118e-02  +2.0635829085270601e-02
q[1]:  +8.2635207781937073e-03  +1.2438178942087878e-01  +1.0784932623666528e-01
q[2]:  +2.1238981240342424e-02  +2.9773688626331218e-01  +3.4338243873534929e-02
q[3]:  +3.3342105422065345e-02  +2.9385560591925081e-01  +1.5428374475464807e-01
q[4]:  +2.1218519386941803e-02  +3.5241642011802249e-01  +3.1867097151881085e-01
q[5]:  +2.5093278077403740e-02  +5.6169395358104335e-01  +3.7243987397987545e-02
q[6]:  +4.9473350147952767e-02  +5.5160201882168713e-01  +1.8338402866869258e-01
q[7]:  +4.8471179086384944e-02  +5.6423243020364811e-01  +3.8409849056838274e-01
q[8]:  +2.3841567105258449e-02  +6.1251915887770436e-01  +5.7554368554557211e-01
q[9]:  +1.7858569526881165e-02  +8.0488067229470683e-01  +3.3558452996169906e-02
q[10]: +4.0341666201213135e-02  +7.9628807838477245e-01  +1.7279211779218817e-01
q[11]: +5.0375786840537416e-02  +8.0001370138422168e-01  +3.9456140205302270e-01
q[12]: +3.9966978385038508e-02  +8.0528871829527571e-01  +6.2240853341300439e-01
q[13]: +1.7178105133283463e-02  +8.3725869285015164e-01  +8.0027727561361250e-01
q[14]: +1.1579542173358385e-02  +9.6087991922060667e-01  +4.6427800180604321e-02
q[15]: +2.4031887773847651e-02  +9.5876875303256992e-01  +2.2503286089447075e-01
q[16]: +2.7316080365462975e-02  +9.6015867771019292e-01  +4.8285636060241249e-01
q[17]: +2.2785435958789808e-02  +9.6035140868701396e-01  +7.3849633224119615e-01
q[18]: +9.3124391208128272e-03  +9.6872178235401396e-01  +9.2245593708559637e-01

