deg: 8
dim: 2
nodes: 17
efficiency: 0.882353

q[0]:  9.3557089283172988e-03  7.3150158274770158e-02  3.9417680373778879e-02  
q[1]:  2.6529874080303835e-02  2.4432285321977945e-01  4.5170835304823118e-02  
q[2]:  5.2119115199789089e-02  4.7448423219787594e-01  2.0577882808243500e-01  
q[3]:  3.0759816394793252e-02  2.6257107668311558e-01  2.0958293814590237e-01  
q[4]:  3.1254627272693493e-02  5.2039267062063421e-01  4.0641513688391410e-02  
q[5]:  3.5317320689634987e-02  5.7447874953322220e-01  4.0190793647595502e-01  
q[6]:  2.5899855356762872e-02  5.1884089235957398e-01  4.8418530676101335e-01  
q[7]:  2.6444062954049982e-02  8.0103876180137312e-01  4.4984459058540420e-02  
q[8]:  5.2409042916191043e-02  7.3152184548095756e-01  2.0577166700689228e-01  
q[9]:  3.6244530686521635e-02  8.2864352507331074e-01  4.0631908808183598e-01  
q[10]: 4.2572655913082583e-02  7.7453476825512058e-01  5.5337892624677598e-01  
q[11]: 2.7454419567709578e-02  7.9213730620962131e-01  7.4474925268799286e-01  
q[12]: 9.3557089283254312e-03  9.6638289943123834e-01  3.9548585801841174e-02  
q[13]: 3.0809963197419778e-02  9.4684892545440025e-01  2.0967898214678901e-01  
q[14]: 2.5492500929278811e-02  9.6588363374618347e-01  4.8371641933472281e-01  
q[15]: 2.7794764162858560e-02  9.5207602118478751e-01  7.4324931353851409e-01  
q[16]: 1.0186032822267712e-02  9.6146311750863034e-01  9.2253003298623670e-01  

