deg: 14
dim: 2
nodes: 42
q[0]:  1.7312833718598813e-03  3.1543137659909438e-02  1.6154628937049116e-02  
q[1]:  5.7628911008413015e-03  1.1083122944291575e-01  8.8394156080639927e-02  
q[2]:  5.1486748458280298e-03  1.0866371194679310e-01  1.8750730308627280e-02  
q[3]:  1.2294349827302448e-02  2.0920163032010966e-01  9.7421567242382531e-02  
q[4]:  6.0709783850028433e-03  2.3135944948808859e-01  2.1601460817682269e-01  
q[5]:  8.2060585338161879e-03  2.4622591972646918e-01  1.9981836168615302e-02  
q[6]:  1.5225484979488163e-02  3.4382444811597224e-01  1.0228217059945965e-01  
q[7]:  1.3799020850154246e-02  3.0310287750623421e-01  2.2085846983488736e-01  
q[8]:  9.2187732868851281e-03  4.2298597488703282e-01  1.9162909594752055e-02  
q[9]:  1.4888513123937278e-02  4.7685831905760517e-01  9.7537253790714845e-02  
q[10]: 2.2660303288143797e-02  4.4106189054584605e-01  2.3471525166298762e-01  
q[11]: 1.6449057946322468e-02  4.7011501217962670e-01  3.7471249864212730e-01  
q[12]: 8.7285748610770753e-03  4.0581958308401234e-01  3.8737725264300865e-01  
q[13]: 8.7271930266923266e-03  6.1236596831798484e-01  1.8442426979034018e-02  
q[14]: 1.6479565110593536e-02  6.2482163436482152e-01  9.5409431297299202e-02  
q[15]: 2.6392172913685393e-02  6.0043000611841879e-01  2.2794864724102701e-01  
q[16]: 2.6393216932357962e-02  6.2748776731451350e-01  3.9946675378878899e-01  
q[17]: 1.4904093968303849e-02  6.2006287873241828e-01  5.2247436505669453e-01  
q[18]: 9.2256694479479068e-03  5.9596760875984989e-01  5.7679537520226976e-01  
q[19]: 6.0623757294472006e-03  7.8372495762517580e-01  1.5315787403125999e-02  
q[20]: 1.3811708437130627e-02  7.7890510120267431e-01  8.2164485376265722e-02  
q[21]: 2.2667154823269586e-02  7.6526552006170023e-01  2.0624679477111907e-01  
q[22]: 2.6396704162793584e-02  7.7194133915122787e-01  3.7234684522288186e-01  
q[23]: 2.2675355984567918e-02  7.9362457304065781e-01  5.5883138504763941e-01  
q[24]: 1.5268120499295334e-02  7.5815421350900714e-01  6.5588292387439551e-01  
q[25]: 8.2090920354332114e-03  7.7359265444349057e-01  7.5360872837083759e-01  
q[26]: 5.7732310497141210e-03  9.1141953135227349e-01  2.2451270564390235e-02  
q[27]: 1.2317620644842675e-02  9.0249883230665240e-01  1.1186149522552252e-01  
q[28]: 1.5235252240585041e-02  8.9774180434098350e-01  2.4177163963779660e-01  
q[29]: 1.4864765185397104e-02  9.0240516264348458e-01  3.7944490328576003e-01  
q[30]: 1.6470756519612620e-02  9.0454431565564408e-01  5.2926690338652271e-01  
q[31]: 1.3823860073468570e-02  9.1774905231454662e-01  6.9650394134642746e-01  
q[32]: 1.2323774471264967e-02  8.8817028616636817e-01  7.9060721283477842e-01  
q[33]: 5.1604132825300610e-03  9.0995977191011335e-01  8.9117236694276292e-01  
q[34]: 1.7320364813507173e-03  9.8379046794170388e-01  1.5341314579473190e-02  
q[35]: 5.1487011870554374e-03  9.8123341788621410e-01  8.9757742239438013e-02  
q[36]: 8.2030826579548195e-03  9.8002160059949905e-01  2.2602848780106533e-01  
q[37]: 9.2249131190468153e-03  9.8082488238054166e-01  4.0359307865422045e-01  
q[38]: 8.7331675597680861e-03  9.8154800372204920e-01  5.9371425447027804e-01  
q[39]: 6.0724932432652751e-03  9.8466165462178579e-01  7.6822702054037084e-01  
q[40]: 5.7755586785881484e-03  9.7755433130133951e-01  8.8887769225773483e-01  
q[41]: 1.7439861333782816e-03  9.8455443497208384e-01  9.6831226654654556e-01  

