deg: 7
dim: 2
nodes: 12
efficiency: 1

q[0]:  2.6517028157435851e-02  1.2990013216831828e-01  6.7517867073916882e-02  
q[1]:  2.8775042784980991e-02  3.3905080381325969e-01  3.4324302945096107e-02  
q[2]:  6.7493187009801253e-02  4.8415766564640927e-01  2.0644149867001105e-01  
q[3]:  4.3881408714448282e-02  3.7672795050891328e-01  3.2150249385198432e-01  
q[4]:  4.3881408714445617e-02  6.7849750614801496e-01  5.5225456656925340e-02  
q[5]:  6.7493187009805153e-02  7.9355850132999117e-01  2.7771616697639251e-01  
q[6]:  6.7493187009814715e-02  7.2228383302359211e-01  5.1584233435359583e-01  
q[7]:  2.8775042784968605e-02  6.9527349913183478e-01  6.6094919618676029e-01  
q[8]:  2.6517028157436864e-02  9.3248213292608340e-01  6.2382265094403415e-02  
q[9]:  2.8775042784978971e-02  9.6567569705490752e-01  3.0472650086817243e-01  
q[10]: 4.3881408714447685e-02  9.4477454334306998e-01  6.2327204949109372e-01  
q[11]: 2.6517028157435851e-02  9.3761773490559808e-01  8.7009986783168303e-01  

