efficiency: 0.8125
deg: 11
dim: 2
nodes: 32
q[0]:  +4.0464358983994730e-03  +7.3877263121354161e-02  +1.5242229595164027e-02
q[1]:  +2.1801011261804769e-03  +7.2295091868481154e-02  +4.4256862731212106e-02
q[2]:  +1.8043557139234105e-03  +7.0870434107603519e-02  +6.1464531719311134e-02
q[3]:  +7.0653531807416119e-04  +7.6632418397358598e-02  +6.6526860276487049e-02
q[4]:  +8.8776438392244739e-03  +2.2895224059483574e-01  +1.8871558003154286e-02
q[5]:  +1.4909286780791989e-02  +2.3459402499556514e-01  +8.6174217873982467e-02
q[6]:  +1.4058449817706426e-02  +2.2762680315564962e-01  +1.6085497953191263e-01
q[7]:  +6.1201087125027634e-03  +2.3162571020810641e-01  +2.1993898084774796e-01
q[8]:  +7.5980702192282971e-03  +4.3735280739636817e-01  +1.2841793127113307e-02
q[9]:  +1.8033443221784698e-02  +4.4405493827469689e-01  +7.1517773042758304e-02
q[10]: +2.3357808876668686e-02  +4.4073150980595233e-01  +1.6553835341649731e-01
q[11]: +2.3847821909722587e-02  +4.4466022125690474e-01  +2.7569921511189549e-01
q[12]: +1.7570439477273537e-02  +4.3500202884973332e-01  +3.6261198012777379e-01
q[13]: +8.3116060833544961e-03  +4.4564243743839588e-01  +4.3075809608835974e-01
q[14]: +1.2589125930793740e-02  +6.6087756268667630e-01  +2.3314809762775390e-02
q[15]: +2.5525110474501841e-02  +6.6502278755008715e-01  +1.1574589540887342e-01
q[16]: +3.2441517733354519e-02  +6.6219300796400660e-01  +2.5429997844816449e-01
q[17]: +3.2107114477152962e-02  +6.6537004228986696e-01  +4.1089589562690476e-01
q[18]: +2.5775817788131792e-02  +6.5981020527648560e-01  +5.4566035324451945e-01
q[19]: +1.2347563045295815e-02  +6.6481191864052569e-01  +6.4162230723011915e-01
q[20]: +1.1580785885625831e-02  +8.5102040082605523e-01  +2.8477127262813533e-02
q[21]: +2.4296538238223597e-02  +8.5267876847614776e-01  +1.4365768083443503e-01
q[22]: +3.1890612111014426e-02  +8.5176109251552201e-01  +3.2379504268764192e-01
q[23]: +3.1657256911478290e-02  +8.5266924636184160e-01  +5.2848506678897156e-01
q[24]: +2.4600725181589986e-02  +8.5084394130981045e-01  +7.0740566616632516e-01
q[25]: +1.1477577572486441e-02  +8.5244512318279375e-01  +8.2389229826244936e-01
q[26]: +6.2438875795530193e-03  +9.7051648084043496e-01  +3.2856752846823573e-02
q[27]: +1.2988469317354720e-02  +9.7082080984266383e-01  +1.6472184732690417e-01
q[28]: +1.6907222235525165e-02  +9.7066770483943421e-01  +3.6967561564924550e-01
q[29]: +1.6825753233670540e-02  +9.7080742608492221e-01  +6.0106616447355699e-01
q[30]: +1.3130471012456657e-02  +9.7050376420675988e-01  +8.0585363251331210e-01
q[31]: +6.1923442769552363e-03  +9.7075263960855884e-01  +9.3789177308158378e-01

