deg: 11
dim: 2
nodes: 27
efficiency: 0.962963

q[0]:  6.9064645919195604e-03  6.5556812262871633e-02  3.3767201574379180e-02  
q[1]:  1.0920274913542513e-02  1.8497533849904366e-01  2.4859442825278390e-02  
q[2]:  2.4294377243876588e-02  2.8388537365317784e-01  1.3151415494005458e-01  
q[3]:  1.3473733668299388e-02  1.9865810736799622e-01  1.6922960660903338e-01  
q[4]:  1.4256903523073322e-02  3.8610791823549950e-01  2.5306657902526914e-02  
q[5]:  2.6627181265513888e-02  4.6992608735521513e-01  1.2182563961825432e-01  
q[6]:  2.9297459348549250e-02  5.4926541762990799e-01  2.7174660020009883e-01  
q[7]:  2.7349411566591028e-02  4.4054015342254171e-01  3.2042061346480194e-01  
q[8]:  1.3539071882115701e-02  4.0531741069279109e-01  3.8270246018398912e-01  
q[9]:  1.3539571805565162e-02  6.1728409028793751e-01  2.2615507332614949e-02  
q[10]: 2.7347599982649379e-02  6.7960321451698680e-01  1.2011778268085145e-01  
q[11]: 2.9294414618202196e-02  7.2821675930138663e-01  2.7749778569608929e-01  
q[12]: 2.9301825998627566e-02  7.2246992478940197e-01  4.5070137399519583e-01  
q[13]: 2.6627454594775217e-02  6.5192162452619817e-01  5.3008721436329342e-01  
q[14]: 1.4257996782547295e-02  6.3918450246849556e-01  6.1387648771683201e-01  
q[15]: 1.3472325593260998e-02  8.3076440087252179e-01  2.9423948749713418e-02  
q[16]: 2.4291756718421424e-02  8.6849870056063327e-01  1.5235675495872034e-01  
q[17]: 2.6628815494015152e-02  8.7813998036416363e-01  3.4805406057890137e-01  
q[18]: 2.7349874361781910e-02  8.7988206141252978e-01  5.5944460100149307e-01  
q[19]: 2.4294625543138534e-02  8.4763572883602278e-01  7.1610538245925548e-01  
q[20]: 1.0922488703014361e-02  8.3987747217242270e-01  8.1501361787323623e-01  
q[21]: 6.9072821872934740e-03  9.6623218787478937e-01  3.1792690847968354e-02  
q[22]: 1.0919356040691403e-02  9.7514608172797490e-01  1.6013348363520072e-01  
q[23]: 1.4261696169742788e-02  9.7468528075563543e-01  3.6083097926305857e-01  
q[24]: 1.3538666771683939e-02  9.7738488266438994e-01  5.9469512701290539e-01  
q[25]: 1.3472905970606375e-02  9.7057257651461093e-01  8.0134801231500852e-01  
q[26]: 6.9064646605015304e-03  9.6820925692281479e-01  9.3444335589976302e-01  

