deg: 15
dim: 2
nodes: 47
efficiency: 0.978723

q[0]:  2.4931216881728321e-03  3.9300013633110524e-02  1.8649514152719510e-02  
q[1]:  4.0242547464681179e-03  1.0991274159370260e-01  9.4878365916694213e-02  
q[2]:  5.3157745450688795e-03  1.2311279632185464e-01  1.8241344053800103e-02  
q[3]:  1.0095217561185497e-02  1.7745648886641602e-01  9.5762911053586891e-02  
q[4]:  6.3373444999581261e-03  2.3801959215256391e-01  2.2095505292065840e-01  
q[5]:  6.0523319084441647e-03  2.5982816068715969e-01  1.4738965060205722e-02  
q[6]:  1.1994867849957649e-02  2.8352357843856141e-01  7.7233884193959990e-02  
q[7]:  1.3185420078219694e-02  3.5947062088509357e-01  1.7362769902618902e-01  
q[8]:  1.3610899752750247e-02  3.1337080875887219e-01  2.2939465473414691e-01  
q[9]:  1.3994946474598381e-02  5.0831443266692644e-01  3.4538036727985905e-01  
q[10]: 6.9040058970063550e-03  4.3206897836885294e-01  1.5178792932481261e-02  
q[11]: 1.3866689533502199e-02  4.3933644289823598e-01  7.6011830571488859e-02  
q[12]: 1.6804609941750686e-02  5.0656262539813068e-01  1.7424405352386085e-01  
q[13]: 1.1013501422087841e-02  4.8876263243091095e-01  2.6210255865786852e-01  
q[14]: 1.3585789825112278e-02  4.6820362308164015e-01  3.9620937524767452e-01  
q[15]: 6.3898910005529309e-03  3.9796425165090016e-01  3.8377741405991206e-01  
q[16]: 6.8462374094963438e-03  6.1076736535182785e-01  1.5311338679584984e-02  
q[17]: 1.5340481188775776e-02  6.1513861595682695e-01  7.9677612066858514e-02  
q[18]: 1.9216740309851706e-02  6.6247605098790985e-01  1.9172216678797652e-01  
q[19]: 2.2689192976907070e-02  6.5458715731204076e-01  3.2700838052518627e-01  
q[20]: 1.8799092690173675e-02  6.6022434131883712e-01  4.6812222339378878e-01  
q[21]: 1.5366318627776361e-02  6.4632177733866170e-01  5.6516974127707376e-01  
q[22]: 7.1121416591986650e-03  5.8171230338812896e-01  5.6657262513472939e-01  
q[23]: 6.5256396608224972e-03  7.7440798765615160e-01  1.7286169579991996e-02  
q[24]: 1.3495819186669714e-02  7.7812637557053976e-01  8.6028583761221827e-02  
q[25]: 1.5257805615819161e-02  8.0236315785680490e-01  1.9279516772961391e-01  
q[26]: 1.8749025430003920e-02  8.0373397061284979e-01  3.2463959399437881e-01  
q[27]: 1.8877516353770520e-02  8.0160196023476571e-01  4.6683599183720309e-01  
q[28]: 1.6206692845727871e-02  7.9947305066732199e-01  6.0064974131130766e-01  
q[29]: 1.3235231329738103e-02  8.0489291811176034e-01  7.1665653004320695e-01  
q[30]: 6.9610422466110074e-03  7.5616341599670289e-01  7.3909812063199642e-01  
q[31]: 3.9503771153942512e-03  9.0300684464565151e-01  1.4307411119202078e-02  
q[32]: 9.6498730740311352e-03  9.0560022730630263e-01  7.9078801817945479e-02  
q[33]: 1.3305066619849714e-02  9.1335043333572374e-01  1.9791878630312815e-01  
q[34]: 1.5561006500772426e-02  9.1722514098600383e-01  3.5700079219376407e-01  
q[35]: 1.5966338985306361e-02  9.1550352382269218e-01  5.2917363903300441e-01  
q[36]: 1.4115021908987061e-02  9.1301732568908234e-01  6.9032845223374073e-01  
q[37]: 9.5264846317749691e-03  9.2112381257991460e-01  8.2645842559920235e-01  
q[38]: 5.2919780254682179e-03  8.9530220469272936e-01  8.7715760202669790e-01  
q[39]: 2.5448021225648559e-03  9.8106214484055554e-01  2.0708161224030717e-02  
q[40]: 5.3039652274922524e-03  9.8197647588894421e-01  1.0570003783869038e-01  
q[41]: 6.8515750651978189e-03  9.8326210647691437e-01  2.4579613477566731e-01  
q[42]: 7.3622950993057290e-03  9.8401825130367204e-01  4.1883272325625770e-01  
q[43]: 7.3655284912071302e-03  9.8340186281345965e-01  5.9751185380708038e-01  
q[44]: 6.4264155460806291e-03  9.8294923141175061e-01  7.5974194166557052e-01  
q[45]: 3.9385548728674757e-03  9.8545954064547403e-01  8.8970171381008911e-01  
q[46]: 2.4930724575216948e-03  9.7948321815630168e-01  9.6075325327372529e-01  

