deg: 9
dim: 2
nodes: 19
efficiency: 1

q[0]:  7.7842943122278206e-03  1.0317988579582295e-01  1.6584572036298446e-02  
q[1]:  7.8080934000138835e-03  9.3516093685941923e-02  7.5983001356667343e-02  
q[2]:  2.0776243682581980e-02  3.2494718472291600e-01  3.3436244261301554e-02  
q[3]:  3.2967581789195427e-02  2.8890580857328124e-01  1.4271473702593232e-01  
q[4]:  2.0810168870888220e-02  3.1207796628403317e-01  2.7851238581690990e-01  
q[5]:  2.4228877409351333e-02  5.8581815383153002e-01  3.6961770998482371e-02  
q[6]:  4.8831457253385238e-02  5.5626549144567228e-01  1.8049669622896605e-01  
q[7]:  4.9070061920488114e-02  5.5331324688873684e-01  3.7204052030452378e-01  
q[8]:  2.4563424366207842e-02  5.7430117060399155e-01  5.3727230227322331e-01  
q[9]:  1.7735221986671056e-02  8.1907802568050125e-01  3.5607339479108817e-02  
q[10]: 4.0341076011251378e-02  8.0048266012646230e-01  1.7904054697996882e-01  
q[11]: 5.0462557116661345e-02  7.9876094824081079e-01  4.0062804007554431e-01  
q[12]: 4.0426346814684412e-02  7.9837829347941058e-01  6.2164910171040255e-01  
q[13]: 1.7901254114023216e-02  8.1211834601835486e-01  7.7727154635002682e-01  
q[14]: 1.0597932231874158e-02  9.6405875451784540e-01  4.6180878430955384e-02  
q[15]: 2.3409014316182440e-02  9.5950204623480895e-01  2.2302319586881614e-01  
q[16]: 2.7517303360145556e-02  9.5983887067687113e-01  4.7929601053988402e-01  
q[17]: 2.3699398585391791e-02  9.5912742586787703e-01  7.3539573693915661e-01  
q[18]: 1.1069692458774824e-02  9.6246502505375520e-01  9.1623207967249454e-01  

