efficiency: 1
deg: 3
dim: 2
nodes: 4
q[0]: +9.0979309128011387e-02  +3.5505102572168223e-01  +7.5031110222608138e-02
q[1]: +9.0979309128011387e-02  +3.5505102572168223e-01  +2.8001991549907412e-01
q[2]: +1.5902069087198858e-01  +8.4494897427831783e-01  +1.7855872826361643e-01
q[3]: +1.5902069087198858e-01  +8.4494897427831783e-01  +6.6639024601470143e-01

