deg: 3
dim: 2
nodes: 4
efficiency: 1

q[0]: 9.0979309128011443e-02  3.5505102572168218e-01  7.5031110222608097e-02  
q[1]: 9.0979309128011360e-02  3.5505102572168218e-01  2.8001991549907412e-01  
q[2]: 1.5902069087198872e-01  8.4494897427831783e-01  1.7855872826361641e-01  
q[3]: 1.5902069087198856e-01  8.4494897427831783e-01  6.6639024601470154e-01  

