deg: 5
dim: 2
nodes: 7
efficiency: 1

q[0]: 6.2969590272413598e-02  2.0257301464691263e-01  1.0128650732345633e-01  
q[1]: 6.6197076394253082e-02  5.2985793589488495e-01  5.9715871789769795e-02  
q[2]: 1.1249999999999998e-01  6.6666666666666663e-01  3.3333333333333331e-01  
q[3]: 6.6197076394253082e-02  5.2985793589488495e-01  4.7014206410511505e-01  
q[4]: 6.2969590272413584e-02  8.9871349267654366e-01  1.0128650732345633e-01  
q[5]: 6.6197076394253096e-02  9.4028412821023022e-01  4.7014206410511516e-01  
q[6]: 6.2969590272413570e-02  8.9871349267654377e-01  7.9742698535308743e-01  

