deg: 13
dim: 2
nodes: 36
efficiency: 0.972222

q[0]:  4.0452106396204734e-03  5.0060555440729647e-02  2.4138568304959383e-02  
q[1]:  6.5398196975314004e-03  1.4177424162004262e-01  1.2266731395951476e-01  
q[2]:  8.2229717756568347e-03  1.5403407452955176e-01  2.2751796615687415e-02  
q[3]:  1.5174877392734562e-02  2.2103218619933254e-01  1.1866520171653951e-01  
q[4]:  9.6374181751108061e-03  3.0267827112673923e-01  2.8170474636407439e-01  
q[5]:  9.6493310977575578e-03  3.2160870435579703e-01  1.9710688413850142e-02  
q[6]:  1.8719349339599796e-02  3.5267491733333373e-01  1.0190310939463940e-01  
q[7]:  1.9388437117696639e-02  3.7946576302015811e-01  2.7601971052969204e-01  
q[8]:  9.6394647680264744e-03  5.2240984249666300e-01  1.8455253834465248e-02  
q[9]:  2.0495434240139086e-02  5.3368103903690156e-01  9.5641843882729449e-02  
q[10]: 2.4698990951137988e-02  6.1253583265734002e-01  2.2768043677303909e-01  
q[11]: 2.0455239475026220e-02  4.5993174330521597e-01  2.2916025001666623e-01  
q[12]: 2.4699243613342643e-02  6.1514887320527589e-01  3.8746506195689118e-01  
q[13]: 2.0495626848985888e-02  5.6195638354829869e-01  4.6631317824895890e-01  
q[14]: 9.6395596348061319e-03  4.9605002612436550e-01  4.7759449989278108e-01  
q[15]: 9.6369868579494582e-03  7.1829912659820583e-01  2.0972774861447038e-02  
q[16]: 1.9387941150656184e-02  7.2397522924866686e-01  1.0344180742598422e-01  
q[17]: 2.0454784206370549e-02  7.7083953586704235e-01  2.3076262050440982e-01  
q[18]: 2.4699298725675847e-02  7.7232091823267168e-01  3.8484684953959825e-01  
q[19]: 2.0455586260403592e-02  7.6923166166581058e-01  5.4006576048133581e-01  
q[20]: 1.8719801807517419e-02  7.4922362062565639e-01  6.4731903316585349e-01  
q[21]: 9.6493854028567010e-03  6.9810484500052872e-01  6.7839383492137162e-01  
q[22]: 6.5398796822967583e-03  8.7733473395608785e-01  1.9107484416677381e-02  
q[23]: 1.5175204982116318e-02  8.8133353409738635e-01  1.0236874162977254e-01  
q[24]: 1.8719429755359736e-02  8.9809760998106147e-01  2.5077608563551446e-01  
q[25]: 2.0495187519494779e-02  9.0435909041079676e-01  4.3804347446464742e-01  
q[26]: 1.9388217533835239e-02  8.9655580760603037e-01  6.2053415289887981e-01  
q[27]: 1.5175154274959132e-02  8.9762997312980253e-01  7.7896421750817912e-01  
q[28]: 8.2229985969430631e-03  8.6871870671490226e-01  8.4596661915934757e-01  
q[29]: 4.0451481676188270e-03  9.7586177791176554e-01  2.5921980528200095e-02  
q[30]: 8.2230603152302264e-03  9.7724782490419948e-01  1.3128184368883927e-01  
q[31]: 9.6491928353757243e-03  9.8028952001001124e-01  3.0189681513921157e-01  
q[32]: 9.6393562574259711e-03  9.8154490631950642e-01  5.0395253404074758e-01  
q[33]: 9.6372180549235895e-03  9.7902684468997647e-01  6.9732408899251375e-01  
q[34]: 6.5400446781996632e-03  9.8089213525038310e-01  8.5822604385021373e-01  
q[35]: 4.0451481676188270e-03  9.7407816648690826e-01  9.4993982338756933e-01  

