efficiency: 0.666667
deg: 2
dim: 2
nodes: 3
q[0]: +1.6666665837278424e-01  +8.3333334048417651e-01  +1.6666666137668998e-01
q[1]: +1.6666667696315524e-01  +3.3333334877806481e-01  +1.6666667496055276e-01
q[2]: +1.6666666466406058e-01  +8.3333334162721573e-01  +6.6666666967056953e-01

