efficiency: 0.833333
deg: 4
dim: 2
nodes: 6
q[0]: +5.4943339746683868e-02  +1.8307989292465779e-01  +9.1525535501252364e-02
q[1]: +1.1169582147421647e-01  +5.5400927084128604e-01  +1.0811032034177009e-01
q[2]: +1.1168073511304613e-01  +5.5394299026488758e-01  +4.4585460697666612e-01
q[3]: +5.5040863710691681e-02  +9.0839592041501260e-01  +9.1693134682323263e-02
q[4]: +1.1169590020867798e-01  +8.9188965144317589e-01  +4.4619292034206781e-01
q[5]: +5.4943339746683868e-02  +9.0838522513528763e-01  +8.1692008069320343e-01

