deg: 11
dim: 2
nodes: 28
q[0]:  7.0898162615432381e-03  6.6520593013212032e-02  3.2131293132852963e-02  
q[1]:  9.3117232576268513e-03  1.8084998488903636e-01  1.5918482890720703e-01  
q[2]:  1.2177210480984552e-02  1.9903523312846175e-01  2.5703796675390075e-02  
q[3]:  2.3323766236159196e-02  2.6885348250714974e-01  1.3967766116312197e-01  
q[4]:  6.6096589453775202e-03  3.2245383307184949e-01  2.8676231560782789e-01  
q[5]:  1.1727145457187584e-02  4.1165185133838922e-01  1.9275268753962731e-02  
q[6]:  2.4914374673986689e-02  4.2720327488792592e-01  1.0387549431968339e-01  
q[7]:  3.0273869816684586e-02  5.2002302065894013e-01  2.5392427227047099e-01  
q[8]:  2.5243807547952527e-02  4.5674930310675427e-01  3.3785604174145678e-01  
q[9]:  1.0455376489982113e-02  4.2801817207525139e-01  4.0774673571126652e-01  
q[10]: 1.4472064674836626e-02  6.4491343986807459e-01  2.5973883514850523e-02  
q[11]: 2.7229419584340175e-02  6.4846251707598146e-01  1.2390793528643483e-01  
q[12]: 2.8071892572239372e-02  7.0997467122787028e-01  2.7175092792070837e-01  
q[13]: 3.1038325855681732e-02  7.1720769866741363e-01  4.3879980217058950e-01  
q[14]: 2.6345212027079640e-02  6.5869414514743396e-01  5.3529606193944268e-01  
q[15]: 1.4016059429276223e-02  6.4572475871691748e-01  6.2001262114354194e-01  
q[16]: 1.1448397434579826e-02  8.4306696454664565e-01  2.6693482644588144e-02  
q[17]: 2.5049974048297015e-02  8.4639328092825850e-01  1.3779615810581991e-01  
q[18]: 2.8653781636194746e-02  8.7139662674127949e-01  3.2678244798150979e-01  
q[19]: 2.7888899952887035e-02  8.8075651884818540e-01  5.4462709327644965e-01  
q[20]: 2.4965706852936705e-02  8.5023175216565938e-01  7.0734469631415253e-01  
q[21]: 1.1937520848759896e-02  8.4250976290339863e-01  8.1463547837784156e-01  
q[22]: 6.6816702089682314e-03  9.6883272154240996e-01  3.3324844410537457e-02  
q[23]: 1.3522257312880204e-02  9.6989460497555602e-01  1.6657297365813870e-01  
q[24]: 1.4616414318647424e-02  9.7475814584593135e-01  3.7434838061086695e-01  
q[25]: 1.3243646553315863e-02  9.7716191356435633e-01  6.0663086661657051e-01  
q[26]: 1.3082348576216915e-02  9.7053334328416963e-01  8.0610747739124788e-01  
q[27]: 6.6096589453775202e-03  9.6869891700122579e-01  9.3588861077058283e-01  

