deg: 9
dim: 2
nodes: 24
q[0]:  3.3678442996951659e-03  9.8163710733042434e-02  5.4040031726313147e-03  
q[1]:  8.0660227306310322e-03  9.8819012373496912e-02  4.7936319516439729e-02  
q[2]:  1.9128606397499611e-03  9.8309234035579798e-02  7.5792421107224062e-02  
q[3]:  2.4012193397221692e-03  9.8288317214249535e-02  9.4238824408254790e-02  
q[4]:  8.6834608798603656e-03  3.0524270887436472e-01  1.4446005971868342e-02  
q[5]:  1.7921059660915846e-02  3.0383162932080698e-01  7.0227652697909343e-02  
q[6]:  2.0707058238792021e-02  3.0473453070053791e-01  1.5216068146130066e-01  
q[7]:  1.7880059612108243e-02  3.0491960844881050e-01  2.3452234648318801e-01  
q[8]:  8.7178946054274394e-03  3.0403265941871038e-01  2.8983402053344420e-01  
q[9]:  1.7331371677257585e-02  5.6147995256734606e-01  2.6340125271437559e-02  
q[10]: 3.5040809273383003e-02  5.6256688958003742e-01  1.2983974369528545e-01  
q[11]: 4.1705360346793979e-02  5.6177668477038245e-01  2.8092527219198088e-01  
q[12]: 3.4916180024586144e-02  5.6188094583839165e-01  4.3223555448690831e-01  
q[13]: 1.7393208442086337e-02  5.6237295299701806e-01  5.3599264359202425e-01  
q[14]: 1.9829174203340402e-02  8.0170945500796331e-01  3.7615377687283041e-02  
q[15]: 3.9967242343174447e-02  8.0219248593668768e-01  1.8514465767521673e-01  
q[16]: 4.7575587571566789e-02  8.0206258368783656e-01  4.0106735788058295e-01  
q[17]: 4.0015540723293115e-02  8.0160156473696387e-01  6.1664679008545431e-01  
q[18]: 1.9787038374654772e-02  8.0244958881632888e-01  7.6481394717594664e-01  
q[19]: 1.1479330494960659e-02  9.6013680689008785e-01  4.5037150702227205e-02  
q[20]: 2.3141599426429474e-02  9.6022117806031526e-01  2.2157453422378179e-01  
q[21]: 2.7507079364058520e-02  9.6022890910796233e-01  4.8009892093764839e-01  
q[22]: 2.3219415159523946e-02  9.6007929907184097e-01  7.3851489092471501e-01  
q[23]: 1.1433582567988628e-02  9.6031407654265888e-01  9.1526263572011934e-01  

