efficiency: 0.958333
deg: 15
dim: 2
nodes: 48
q[0]:  +2.5412215151792688e-03  +3.9704671596324265e-02  +1.9171570503269252e-02
q[1]:  +3.7499205822396635e-03  +1.0990680103522353e-01  +9.5093931803275647e-02
q[2]:  +4.9322424690969764e-03  +1.2162550399004488e-01  +1.6805447380341336e-02
q[3]:  +9.8269443911501962e-03  +1.7360447806936469e-01  +9.0438990546792941e-02
q[4]:  +2.4783352871870332e-03  +1.9545458429686641e-01  +1.7636548954994899e-01
q[5]:  +5.4301572423538077e-03  +2.5887435871537634e-01  +1.3343917015952333e-02
q[6]:  +1.0924513491931182e-02  +2.7798306108011789e-01  +6.8972108447922023e-02
q[7]:  +1.3731228466301079e-02  +3.5526989762784494e-01  +1.5962581468823073e-01
q[8]:  +1.3800608158130303e-02  +3.0647786622138956e-01  +2.1786310341911064e-01
q[9]:  +5.6526862976692353e-03  +2.7160832495991794e-01  +2.5429836325543165e-01
q[10]: +6.3512055218708690e-03  +4.2767367921561744e-01  +1.4257334221240738e-02
q[11]: +1.4653399500127753e-02  +4.4354667314581270e-01  +7.4015241563174114e-02
q[12]: +1.6810729060727773e-02  +5.0174332602657001e-01  +1.8387942209072614e-01
q[13]: +1.9777514268443742e-02  +4.9485360140359885e-01  +3.0155342046376882e-01
q[14]: +1.5422494409117997e-02  +4.6133057156127494e-01  +3.8201093627306060e-01
q[15]: +6.5435563792617234e-03  +4.2515944250965848e-01  +4.1031460906878958e-01
q[16]: +7.1240758578846996e-03  +6.0225272456452417e-01  +1.6397899614299768e-02
q[17]: +1.5294624892051823e-02  +6.2663913111080216e-01  +8.1923757401397554e-02
q[18]: +1.0139350996656544e-02  +6.0908920867299876e-01  +1.7018227084636287e-01
q[19]: +1.2165181923495055e-02  +6.9910830348192277e-01  +2.1129202611745559e-01
q[20]: +2.2845659962105139e-02  +6.6021137671196239e-01  +3.2401386521284903e-01
q[21]: +1.9793394681113578e-02  +6.4669667368840345e-01  +4.5819241636161678e-01
q[22]: +1.4598621164401989e-02  +6.3419095034653727e-01  +5.5225431391645219e-01
q[23]: +7.2623751483911706e-03  +6.0092664525072159e-01  +5.8451110169261067e-01
q[24]: +5.9863762533485668e-03  +7.6525756729327188e-01  +1.5347181562916956e-02
q[25]: +1.3078662563327082e-02  +7.8812911610709602e-01  +8.0570897023394483e-02
q[26]: +1.4740211594504957e-02  +7.9286538767803383e-01  +1.8560263609299363e-01
q[27]: +2.0697127892420685e-02  +8.1936591568607142e-01  +3.4173988651813947e-01
q[28]: +1.9601492482041540e-02  +7.9299943715537324e-01  +4.8259455100920523e-01
q[29]: +1.6762632542826218e-02  +7.9757790811783702e-01  +6.2139215396087433e-01
q[30]: +1.1667406838093634e-02  +7.8671254045152994e-01  +7.1432343956744426e-01
q[31]: +5.4096159919549153e-03  +7.6606475735641266e-01  +7.5243820468638001e-01
q[32]: +5.0967145141138813e-03  +8.9875494239876730e-01  +1.8152103175884376e-02
q[33]: +1.0176321967959021e-02  +9.1339680505488741e-01  +9.4265329279618407e-02
q[34]: +1.4363429284301376e-02  +9.0564668692024985e-01  +2.1886833402339187e-01
q[35]: +1.4146103252594926e-02  +9.2989498884353206e-01  +3.8198040817648221e-01
q[36]: +1.6073499855277298e-02  +9.1034659178621891e-01  +5.4174825305002228e-01
q[37]: +1.3450525628296767e-02  +9.1424369927355631e-01  +6.9936407658652056e-01
q[38]: +9.9681898689730000e-03  +9.1057805069291353e-01  +8.1954051814705930e-01
q[39]: +4.8512886144176388e-03  +9.0035760720957869e-01  +8.8300517055803462e-01
q[40]: +2.4763316098808451e-03  +9.8012387209087848e-01  +1.9199511701121389e-02
q[41]: +4.5241252895721175e-03  +9.8369428596147301e-01  +9.8489891465879068e-02
q[42]: +7.2940478032927523e-03  +9.8115709646998606e-01  +2.2979881710572145e-01
q[43]: +5.8190771328431182e-03  +9.8766447779072375e-01  +3.9861910238559956e-01
q[44]: +7.9708628485067670e-03  +9.8252760576489884e-01  +5.7771265183773068e-01
q[45]: +6.6232187361857020e-03  +9.8326594895052577e-01  +7.4711943553605509e-01
q[46]: +4.8743993211221000e-03  +9.8277816259132289e-01  +8.8126233390486153e-01
q[47]: +2.4982964472565071e-03  +9.8060184488918867e-01  +9.6078274684441400e-01

