deg: 15
dim: 2
nodes: 47
q[0]:  2.4350102679279689e-03  3.8844850395446842e-02  1.8472328176206147e-02  
q[1]:  4.1584072181953856e-03  1.0952829631825824e-01  9.3478712638902922e-02  
q[2]:  5.2552513958516048e-03  1.2186101747481354e-01  1.8211658815849522e-02  
q[3]:  1.0156269886534392e-02  1.7995822706812531e-01  9.5246069520407664e-02  
q[4]:  5.4573026607362572e-03  2.2953244435583892e-01  2.1344041173951828e-01  
q[5]:  6.0887281459920378e-03  2.5724323498897500e-01  1.4962936417084776e-02  
q[6]:  1.2318669849381784e-02  2.8729468452237250e-01  7.8426181274440940e-02  
q[7]:  1.5199600951957656e-02  3.6857079362303924e-01  1.8351626518312042e-01  
q[8]:  1.3054238988206960e-02  3.0711467192637193e-01  2.2786974890732653e-01  
q[9]:  2.9907110268821654e-03  3.4805827171148607e-01  3.3454861747601489e-01  
q[10]: 7.1549576345326408e-03  4.2872976538959334e-01  1.5693224685984934e-02  
q[11]: 1.4431135657965343e-02  4.4328375545083215e-01  7.9334124464441533e-02  
q[12]: 1.9074420423645558e-02  5.1243337545279766e-01  1.8654779741513508e-01  
q[13]: 1.8738388558084271e-02  5.1219109689905917e-01  3.1607647775265718e-01  
q[14]: 1.5508980756644676e-02  4.7126560941967821e-01  3.8588084985577775e-01  
q[15]: 5.8500943751346596e-03  4.3503935890661721e-01  4.1653953956443601e-01  
q[16]: 7.2985542429074880e-03  6.0851705124816602e-01  1.6219286041413629e-02  
q[17]: 1.5680084002464314e-02  6.1587845838246291e-01  8.3660653625859366e-02  
q[18]: 1.9267130650966299e-02  6.6912084159461405e-01  1.9686541378537223e-01  
q[19]: 2.2272043010148315e-02  6.6387346601222064e-01  3.3413614832681088e-01  
q[20]: 1.9570215288622770e-02  6.6130195273747017e-01  4.7578765328279488e-01  
q[21]: 1.4608211993400263e-02  6.3895268016929174e-01  5.6258346542695381e-01  
q[22]: 6.3644010228597397e-03  5.9177036942412209e-01  5.7759759957693635e-01  
q[23]: 6.2912386124701078e-03  7.7354455202952455e-01  1.6488678973248332e-02  
q[24]: 1.3295443203337682e-02  7.7669804803796882e-01  8.3252854386372643e-02  
q[25]: 1.5674827513660020e-02  8.0581876459731405e-01  1.9083652358866246e-01  
q[26]: 1.9320308375173248e-02  8.0988471463712652e-01  3.3034724911149987e-01  
q[27]: 1.8993994027538322e-02  8.0290301275608789e-01  4.7731454974937110e-01  
q[28]: 1.5571316878612494e-02  8.0319328901338416e-01  6.1146565181866619e-01  
q[29]: 1.2827821969392826e-02  7.9761376214865443e-01  7.1266897236932303e-01  
q[30]: 6.5501522507147442e-03  7.6097226761500425e-01  7.4456775409812492e-01  
q[31]: 4.1260956864294469e-03  9.0284782636500849e-01  1.5055466292823809e-02  
q[32]: 9.7541863162424434e-03  9.0500333449303494e-01  8.0983727617906814e-02  
q[33]: 1.2918872831921318e-02  9.1557568451906557e-01  2.0009384271106473e-01  
q[34]: 1.4833933420507447e-02  9.1985710320201786e-01  3.5687941091460262e-01  
q[35]: 1.5846152190194224e-02  9.1610305204180020e-01  5.2693892733040126e-01  
q[36]: 1.3938950348586892e-02  9.1488532612929363e-01  6.8973227246521507e-01  
q[37]: 9.9202283483442733e-03  9.1681488143840140e-01  8.2130964180519661e-01  
q[38]: 5.2345709038402067e-03  8.9740015393577022e-01  8.7906669251475145e-01  
q[39]: 2.5235854737722676e-03  9.8101419292353798e-01  2.0483685383140465e-02  
q[40]: 5.2921951392894502e-03  9.8185365284816606e-01  1.0460185657243667e-01  
q[41]: 6.6230376819470423e-03  9.8386113673615183e-01  2.4430003175160039e-01  
q[42]: 7.2146461569521534e-03  9.8438368961838107e-01  4.1782271729641424e-01  
q[43]: 7.3552148583543031e-03  9.8352603578355013e-01  5.9720530751816758e-01  
q[44]: 6.2973632327306779e-03  9.8333474457927295e-01  7.6046313699972146e-01  
q[45]: 4.2221493831487277e-03  9.8422237746893937e-01  8.8878498145227747e-01  
q[46]: 2.4409071877971736e-03  9.7986040192010326e-01  9.6116755437981904e-01  

