efficiency: 0.882353
deg: 8
dim: 2
nodes: 17
q[0]:  +1.3376383691936968e-02  +9.0687615279814740e-02  +4.2040937632882039e-02
q[1]:  +1.4343366144927625e-02  +2.9475848057545351e-01  +1.0548383584623533e-02
q[2]:  +3.4640009598555829e-02  +2.8982216858305049e-01  +1.3234350894970517e-01
q[3]:  +1.6113573465169197e-02  +2.6289935559814576e-01  +2.4674560072775945e-01
q[4]:  +1.6519712696554521e-02  +6.6259098855869636e-01  +1.4835070224698956e-02
q[5]:  +5.0904035391811819e-02  +5.3719400340910572e-01  +1.1442329271582541e-01
q[6]:  +5.0795419286165759e-02  +5.0359745319198213e-01  +3.3412119333637480e-01
q[7]:  +2.7899778409201055e-02  +5.6339479961444916e-01  +5.2210589309574396e-01
q[8]:  +7.8356123540779029e-03  +9.3240768201229285e-01  +8.0933141268406238e-03
q[9]:  +4.4494838569326650e-02  +8.4416414807665541e-01  +1.2855454842559627e-01
q[10]: +6.0476093043700767e-02  +7.3943458601622170e-01  +3.2691958771245117e-01
q[11]: +4.9440292979720517e-02  +7.9396461768575710e-01  +5.8913637460847446e-01
q[12]: +2.1008528959977527e-02  +8.0614675266608737e-01  +7.6613540736124963e-01
q[13]: +1.0912302128244176e-02  +9.9217068139439957e-01  +1.4372877214356364e-01
q[14]: +3.9669298304121844e-02  +9.4562475816541702e-01  +3.9608227665913864e-01
q[15]: +2.7556721355374875e-02  +9.5982714399974689e-01  +6.9146664096870492e-01
q[16]: +1.4014033621132975e-02  +9.6067116659496532e-01  +9.0427648272699457e-01

