deg: 6
dim: 2
nodes: 11
q[0]:  3.0924385131310430e-02  1.4098527421150883e-01  8.2523230324790267e-02  
q[1]:  2.5157158018959336e-02  3.4213004003717046e-01  6.6949095329103762e-03  
q[2]:  7.8656874728362303e-02  4.3324974005056666e-01  2.4003078535017061e-01  
q[3]:  2.8895810339359538e-02  4.6723164587595933e-01  4.5562190645755646e-01  
q[4]:  1.8288993725181262e-02  7.4674395083160494e-01  1.0530841578261995e-02  
q[5]:  8.6261860221008679e-02  6.7302877023724716e-01  1.7077769567530909e-01  
q[6]:  9.2355119750917258e-02  7.6712380108820133e-01  5.8395313617217537e-01  
q[7]:  1.7442082127350274e-02  8.7736160686986264e-01  8.7127200023670959e-01  
q[8]:  3.2676688263052214e-02  9.4507673624472177e-01  9.7051163914756863e-02  
q[9]:  6.7873543232256542e-02  9.2383355465688011e-01  4.0249054149556895e-01  
q[10]: 2.1467484462242156e-02  9.9391039336684694e-01  8.0860877872223824e-01  

