efficiency: 0.923077
deg: 7
dim: 2
nodes: 13
q[0]:  +1.8062476275081635e-02  +1.2874511458319263e-01  +3.7120211794290911e-02
q[1]:  +1.3794125455154609e-02  +1.6119213004011779e-01  +1.3572170408154480e-01
q[2]:  +3.7229746495566887e-02  +4.0152511404850971e-01  +4.7221113881711657e-02
q[3]:  +5.8666533776695451e-02  +4.2299290544296608e-01  +2.1867386146303483e-01
q[4]:  +3.4187180002893461e-02  +4.2890274369771669e-01  +3.8274480329924593e-01
q[5]:  +2.6291811669031800e-02  +7.1518359442681745e-01  +3.3090941445642501e-02
q[6]:  +6.5842789468025742e-02  +7.1924137110656206e-01  +1.9802452250563332e-01
q[7]:  +7.1750138977775241e-02  +7.3063128025822821e-01  +4.6283051384216511e-01
q[8]:  +3.9168965245600436e-02  +7.2634464214920125e-01  +6.6942160741304146e-01
q[9]:  +2.5288549852730158e-02  +9.4135052885861703e-01  +6.8631781226763486e-02
q[10]: +4.5378614140201438e-02  +9.4238990590255789e-01  +3.2225033095580186e-01
q[11]: +4.1945828318725287e-02  +9.4491044890312603e-01  +6.4448264621397933e-01
q[12]: +2.2393240322517837e-02  +9.4309748193194665e-01  +8.8074548256047636e-01

