deg: 5
dim: 2
nodes: 8
q[0]: 3.5166165817946529e-02  2.0808526870219743e-01  4.3859998015411565e-02  
q[1]: 3.4686448922366893e-02  2.1688730857664937e-01  1.7396670635490680e-01  
q[2]: 6.3508387623248647e-02  5.9097152960255284e-01  6.6010407614095767e-02  
q[3]: 1.0242957458318395e-01  5.8623233791149776e-01  2.9295887177478169e-01  
q[4]: 6.3345982134750331e-02  5.9734614193731628e-01  5.3053092152299830e-01  
q[5]: 5.5729218469869446e-02  9.1165265874848544e-01  1.0284793742715878e-01  
q[6]: 9.0220331020922723e-02  9.1030406041563228e-01  4.5518304749511818e-01  
q[7]: 5.4913891427711484e-02  9.1307391583611608e-01  8.1008139182743077e-01  

