deg: 2
dim: 2
nodes: 3
q[0]: 1.6666666548553835e-01  3.3333333215611366e-01  1.6668390664276100e-01  
q[1]: 1.6668379473921063e-01  8.3331609335730039e-01  1.6667511718801511e-01  
q[2]: 1.6664953977525102e-01  8.3335057448664729e-01  6.6669235861528564e-01  

