deg: 4
dim: 2
nodes: 6
q[0]: 5.5550316072238273e-02  1.8443438856452324e-01  9.3517980761564229e-02  
q[1]: 1.1174227569059096e-01  5.5243623662814900e-01  1.0817387804333764e-01  
q[2]: 1.1175630449484401e-01  5.5839100724349622e-01  4.5021968601732559e-01  
q[3]: 5.4691698295591624e-02  9.0771006284133049e-01  9.0232557238834318e-02  
q[4]: 1.1161160398331996e-01  8.9202429724138366e-01  4.4310726862414795e-01  
q[5]: 5.4647801463415163e-02  9.1036195840069367e-01  8.1756893548801934e-01  

