deg: 2
dim: 2
nodes: 3
efficiency: 0.666667

q[0]: 1.6666702963665447e-01  3.3333387778758572e-01  1.6666701556654925e-01  
q[1]: 1.6666665259723842e-01  8.3333352888804602e-01  1.6666684111730429e-01  
q[2]: 1.6666631776610710e-01  8.3333368223389281e-01  6.6666719001817554e-01  

