efficiency: 0.930233
deg: 14
dim: 2
nodes: 43
q[0]:  +5.1547869156325270e-03  +1.0823843907102934e-01  +1.8922512943060490e-02
q[1]:  +1.7574113541036496e-03  +3.1872228678018338e-02  +1.6546944912053364e-02
q[2]:  +1.2510149854879178e-02  +2.0997231981609482e-01  +9.8178018333147959e-02
q[3]:  +5.7715534841856963e-03  +1.1190023647566413e-01  +8.9519817265020327e-02
q[4]:  +7.9785341373766888e-03  +2.4421141327652895e-01  +1.9545280168833681e-02
q[5]:  +1.5026556043571792e-02  +3.4304092890915722e-01  +9.8610850687626192e-02
q[6]:  +1.4101697137995405e-02  +3.0752158779268374e-01  +2.2379958957460164e-01
q[7]:  +6.1934122285535066e-03  +2.3253738639317914e-01  +2.1665879864768592e-01
q[8]:  +9.0427453805918771e-03  +4.2064507362672837e-01  +1.8801957043950848e-02
q[9]:  +1.5187217668483308e-02  +4.8500515638703168e-01  +9.5805767647522425e-02
q[10]: +5.6138033168271432e-03  +4.3571970539016136e-01  +1.9715653695622520e-01
q[11]: +1.8287251182639862e-02  +4.4099865161472696e-01  +2.4030656556222579e-01
q[12]: +1.7475220891982283e-02  +4.7975753185955777e-01  +3.8503325360149299e-01
q[13]: +8.5646031878766973e-03  +4.0462635773484179e-01  +3.8633381471143546e-01
q[14]: +8.8677160348295623e-03  +6.1049947882997946e-01  +1.8703531559979381e-02
q[15]: +1.5961057448395100e-02  +6.3287097355913358e-01  +9.6394467913806139e-02
q[16]: +2.6238314735698022e-02  +6.0282334170811402e-01  +2.2754214749525883e-01
q[17]: +2.6195937060750660e-02  +6.2401388613600217e-01  +3.9526895002194806e-01
q[18]: +1.6509151792490337e-02  +6.4441320043779227e-01  +5.4515174364207342e-01
q[19]: +9.1983749311605519e-03  +5.9309746813265518e-01  +5.7383174359777667e-01
q[20]: +6.1745431257088099e-03  +7.8252879362246364e-01  +1.5518777132017174e-02
q[21]: +1.3480556647521702e-02  +7.8100147837231504e-01  +8.2527227303022407e-02
q[22]: +2.2546475195119219e-02  +7.6809347005876516e-01  +2.0776864923970076e-01
q[23]: +2.6294141271015804e-02  +7.7209695934294320e-01  +3.7317553338070952e-01
q[24]: +2.2723298527005730e-02  +7.8943349748004366e-01  +5.5599796907045018e-01
q[25]: +1.3751844801567100e-02  +7.8238429725859437e-01  +6.8106920512684499e-01
q[26]: +8.1193765107963715e-03  +7.6961053315292183e-01  +7.4977162324504976e-01
q[27]: +5.8822666495780352e-03  +9.1133974475685353e-01  +2.2693737875656730e-02
q[28]: +1.2670142020627868e-02  +9.0238136035908323e-01  +1.1449018408684790e-01
q[29]: +1.6122038570926603e-02  +8.9938130414830697e-01  +2.5133433914377601e-01
q[30]: +1.5213910247502613e-02  +9.0293174826416467e-01  +3.9823715856064690e-01
q[31]: +1.5435529734796585e-02  +9.0399802204249879e-01  +5.4271523430408986e-01
q[32]: +1.3443833038478863e-02  +9.1551016443886790e-01  +6.9918026230533592e-01
q[33]: +1.0725803457132128e-02  +8.9736195295306942e-01  +8.0126327311107104e-01
q[34]: +5.2179563560916546e-03  +9.0614647395615666e-01  +8.8732615935381542e-01
q[35]: +1.7286879841988212e-03  +9.8391742464223553e-01  +1.5382933416862830e-02
q[36]: +5.1934899723368550e-03  +9.8108638810494486e-01  +9.0011220926352928e-02
q[37]: +8.1300984391606788e-03  +9.8026966000616700e-01  +2.2667878922452339e-01
q[38]: +9.2311973545430182e-03  +9.8091485544074364e-01  +4.0501140843532979e-01
q[39]: +8.8682214402673720e-03  +9.8135669846592399e-01  +5.9603292332006819e-01
q[40]: +6.3378388542425406e-03  +9.8399267407452562e-01  +7.7089050806655035e-01
q[41]: +5.3063361465883726e-03  +9.7902312114371370e-01  +8.9367927899137811e-01
q[42]: +1.7669188667694112e-03  +9.8312337390565241e-01  +9.6794407344932043e-01

