deg: 7
dim: 2
nodes: 13
q[0]:  1.5639990974728592e-02  1.3405639986517817e-01  2.9267926638380310e-02  
q[1]:  1.5639990974728592e-02  1.4636549351514733e-01  1.1755043331954711e-01  
q[2]:  3.6318446104273643e-02  4.1285157289486146e-01  4.6761096084385285e-02  
q[3]:  5.8195544437983089e-02  4.1444475171469203e-01  2.0941428606782644e-01  
q[4]:  3.5389314990754456e-02  4.2448181245447819e-01  3.7851814129106515e-01  
q[5]:  3.7086924170311293e-02  7.2169215290751387e-01  5.2198856309746210e-02  
q[6]:  6.9682485348478512e-02  7.2154319120019417e-01  2.4924992761456083e-01  
q[7]:  6.5726912370488486e-02  7.2360939467100571e-01  5.0230615159151937e-01  
q[8]:  3.0898257934975880e-02  7.2865010560519750e-01  6.8510847723993074e-01  
q[9]:  2.3338966494620604e-02  9.4259630334425859e-01  6.4491828487901623e-02  
q[10]: 4.3960608684025314e-02  9.4257181636813159e-01  3.0689317195521293e-01  
q[11]: 4.4402445717597779e-02  9.4288306795733656e-01  6.2637340619076987e-01  
q[12]: 2.3720111797033774e-02  9.4400851772959671e-01  8.7659062532076304e-01  

