deg: 6
dim: 2
nodes: 11
efficiency: 0.909091

q[0]:  2.4376222524773127e-02  1.2152908710651697e-01  5.8887125664674043e-02  
q[1]:  3.9235704083496546e-02  3.8158227808389561e-01  4.8048958044618388e-02  
q[2]:  4.2429806197679588e-02  3.6999024442076422e-01  3.1730483533930037e-01  
q[3]:  5.7178807155202592e-02  7.1719662797101624e-01  7.6033692610968553e-02  
q[4]:  3.8067421228338720e-02  4.0711934391014026e-01  1.9160612454068648e-01  
q[5]:  9.3985298297989378e-02  6.8866460913079586e-01  3.4439963605192464e-01  
q[6]:  5.7668161620445420e-02  7.0466478573758495e-01  6.2917207663072094e-01  
q[7]:  2.0292010648651687e-02  9.4655641252303280e-01  5.5027139710974921e-02  
q[8]:  5.3124122625189070e-02  9.3496892418063160e-01  3.0099078984114447e-01  
q[9]:  5.2979220267184164e-02  9.3418337263872786e-01  6.4346665779400092e-01  
q[10]: 2.0663225351049686e-02  9.4195863729076379e-01  8.9012204750949164e-01  

