efficiency: 0.833333
deg: 6
dim: 2
nodes: 12
q[0]:  +1.7634571095832371e-02  +1.8339817429031141e-01  +1.6437896291724752e-02
q[1]:  +1.6437896234028262e-02  +1.1929661544530100e-01  +9.8322844594273817e-02
q[2]:  +3.3659092897308091e-02  +5.6285792077882546e-01  +2.9310293180186499e-02
q[3]:  +7.2775260590098603e-02  +4.0960602470126689e-01  +1.7179695174090034e-01
q[4]:  +3.8577661720907680e-02  +4.1368415120665342e-01  +3.6716852036651165e-01
q[5]:  +1.9703914957339193e-02  +9.0277003745533813e-01  +2.3318936892267168e-02
q[6]:  +7.9444657327591026e-02  +7.6610699885447064e-01  +2.0346470265971045e-01
q[7]:  +7.8058741542310447e-02  +7.0758868096208716e-01  +4.7565315740341835e-01
q[8]:  +3.1007633258099066e-02  +7.3153007905859324e-01  +6.9014115572945312e-01
q[9]:  +2.8104763071470844e-02  +9.7028176486031270e-01  +2.1452323522363814e-01
q[10]: +5.4476352233599097e-02  +9.3907366178499130e-01  +5.5269281259678171e-01
q[11]: +3.0119455071415342e-02  +9.4391492663708432e-01  +8.5715163688974083e-01

