efficiency: 0.972222
deg: 13
dim: 2
nodes: 36
q[0]:  +4.2634602642083455e-03  +5.1264014779874668e-02  +2.5663821749736460e-02
q[1]:  +7.0504455148422719e-03  +1.5118704483220669e-01  +1.3231715677451472e-01
q[2]:  +6.9900395682474031e-03  +1.5073309943113408e-01  +1.8706811643013587e-02
q[3]:  +1.3849138638839608e-02  +2.0891180271965737e-01  +1.0432684708159662e-01
q[4]:  +1.4497315727969032e-02  +3.3680085247253255e-01  +2.4370021263758707e-01
q[5]:  +9.9841528942279517e-03  +3.2449813825400531e-01  +2.0892027109025286e-02
q[6]:  +1.3005969184212384e-02  +3.3246348536703219e-01  +9.1354239630162384e-02
q[7]:  +1.5827686627590955e-02  +4.3205112122867595e-01  +1.6160977765465395e-01
q[8]:  +1.6460922396043676e-02  +4.4361770704959713e-01  +2.6916703299828432e-01
q[9]:  +9.8408310312111287e-03  +3.2447280484007673e-01  +3.0391800440112549e-01
q[10]: +6.0335084071543900e-03  +5.1984782017374387e-01  +9.2627127140632749e-03
q[11]: +2.0991866086387898e-02  +5.3431376071922299e-01  +7.6648907360051297e-02
q[12]: +2.7510189934701629e-02  +6.0832902055571692e-01  +2.2512088790160412e-01
q[13]: +2.6922880225736329e-02  +6.1314692674995286e-01  +3.8507540468613777e-01
q[14]: +6.4536590243636296e-03  +5.2038275527558653e-01  +5.0984322980089869e-01
q[15]: +2.5098769793344987e-02  +7.8029006982229332e-01  +4.7308898092650453e-01
q[16]: +2.1155835112093197e-02  +5.3445105868626475e-01  +4.5532604379030539e-01
q[17]: +1.2262106610846549e-02  +7.1701361030781818e-01  +2.6708887128142868e-02
q[18]: +2.4179248525449788e-02  +7.3595160064815435e-01  +1.3248362871513766e-01
q[19]: +2.5635299094099815e-02  +7.7908065871201571e-01  +3.0835679492291823e-01
q[20]: +2.4064674852070148e-02  +7.3601368299369241e-01  +6.0423579770716518e-01
q[21]: +1.2207823800698209e-02  +7.1690578933583160e-01  +6.9027723475766900e-01
q[22]: +2.0123479062961153e-02  +8.9193684323180311e-01  +6.4425785578330785e-01
q[23]: +6.0393898230383042e-03  +8.7557510480726342e-01  +1.6883519542873471e-02
q[24]: +1.4962965432828946e-02  +8.8377108209331656e-01  +9.7971328190392906e-02
q[25]: +2.0259150856181237e-02  +8.9198767889598451e-01  +2.4738518804507939e-01
q[26]: +2.1863945477512092e-02  +9.1636333976028084e-01  +4.5807179087846495e-01
q[27]: +1.4964111306542061e-02  +8.8404505716424986e-01  +7.8543103506327028e-01
q[28]: +6.1111444941529059e-03  +8.7541865198775148e-01  +8.5828737840150193e-01
q[29]: +4.1168453446054788e-03  +9.7566000168340106e-01  +2.6150060682952520e-02
q[30]: +8.0279992052099802e-03  +9.7785775694810917e-01  +1.3235337384198473e-01
q[31]: +1.0129590596236065e-02  +9.7831962534311878e-01  +2.9912346895537051e-01
q[32]: +6.8720130533707633e-03  +9.8742792304485327e-01  +4.9442955988159382e-01
q[33]: +1.0153973676019834e-02  +9.7818066167344841e-01  +6.7999991319625774e-01
q[34]: +7.9806098102331493e-03  +9.7793622783992995e-01  +8.4598718055311517e-01
q[35]: +4.1089585467687329e-03  +9.7562166728701927e-01  +9.4956351046008625e-01

