deg: 10
dim: 2
nodes: 25
q[0]:  1.2850814999655839e-02  2.9015625024023195e-01  1.9089712066609316e-01  
q[1]:  8.3447575441746181e-03  7.2249799746853638e-02  3.2368933272847678e-02  
q[2]:  1.6741973189636380e-02  2.3304278317308996e-01  3.1231626677696144e-02  
q[3]:  1.3185336029800699e-02  2.4842566377644826e-01  1.3797303545271250e-01  
q[4]:  7.5958025057206490e-03  1.8074991471305471e-01  1.6788409594467640e-01  
q[5]:  2.1275943891671065e-02  4.7448757384253359e-01  3.2519201260149684e-02  
q[6]:  3.8173028393653816e-02  4.5234269185209436e-01  1.6192252302361954e-01  
q[7]:  3.0285331390918987e-02  4.7657267194962488e-01  3.6307782611606154e-01  
q[8]:  1.1755615651122946e-02  4.0196649591968986e-01  3.8409111910040600e-01  
q[9]:  1.7090999890731585e-02  7.2603801904985266e-01  2.8304258713030491e-02  
q[10]: 3.9259645665679924e-02  6.8622558763940034e-01  1.5406309930412526e-01  
q[11]: 4.5821038633914395e-02  6.5462412756859156e-01  3.5924705722870337e-01  
q[12]: 2.9419459296557413e-02  6.8869973611397339e-01  5.8195177622111793e-01  
q[13]: 1.0341039165718869e-02  6.3994318285110230e-01  6.2510751857220481e-01  
q[14]: 4.6256492403272519e-03  9.2620227113593867e-01  3.5289836622581609e-03  
q[15]: 2.5331572310439233e-02  8.9338544426600486e-01  1.0683636788163470e-01  
q[16]: 3.9016726249891609e-02  8.4948912858225112e-01  3.1717779826731435e-01  
q[17]: 3.7024616404624837e-02  8.4599736003118864e-01  5.5882763032299188e-01  
q[18]: 2.0267434550890060e-02  8.6594378829146468e-01  7.6399442361235415e-01  
q[19]: 6.9782008761180405e-03  8.4906075397578218e-01  8.3687284181082056e-01  
q[20]: 4.5388955425098385e-03  9.9655527240767205e-01  7.0600621612634903e-02  
q[21]: 1.6614651653452141e-02  9.7252145181160154e-01  2.7017728848385747e-01  
q[22]: 2.0683703333767768e-02  9.6844738889743309e-01  5.2218370291168048e-01  
q[23]: 1.5669537193890984e-02  9.7121092875989623e-01  7.6630096152881466e-01  
q[24]: 7.1082263951310785e-03  9.7325017534800917e-01  9.3324586333302251e-01  

