deg: 12
dim: 2
nodes: 32
efficiency: 0.96875

q[0]:  2.3086315188393068e-03  3.5386368286306639e-02  1.2529820372186043e-02  
q[1]:  1.0580008015528520e-02  1.5117142594355271e-01  3.1258023119188440e-02  
q[2]:  2.1047425283964648e-02  2.7595332198531392e-01  1.6042111467151426e-01  
q[3]:  7.9642327481280993e-03  1.2191770318905433e-01  9.8300392146844273e-02  
q[4]:  7.7232376980370049e-03  2.9996557674772467e-01  1.4221191452931138e-02  
q[5]:  2.1244851465258407e-02  3.6298076353730790e-01  9.5575211717877848e-02  
q[6]:  2.3416588422026634e-02  4.6259125284303221e-01  3.5750071990951854e-01  
q[7]:  1.1435900993078856e-02  2.9295287980516049e-01  2.7115833362461084e-01  
q[8]:  1.5091897838166923e-02  5.1125541866904922e-01  2.8682972394641581e-02  
q[9]:  2.6427222526236985e-02  5.6871504182798116e-01  1.4441230577131473e-01  
q[10]: 2.8636639462584552e-02  5.0717395571042179e-01  2.6415407261123791e-01  
q[11]: 1.3211646112173429e-02  7.2963790892001645e-01  7.0238772698467145e-01  
q[12]: 1.2392893286763502e-02  5.1638619386902740e-01  4.9510618700841130e-01  
q[13]: 7.8249247443455440e-03  7.0889933750657042e-01  1.4305745838282855e-02  
q[14]: 2.1622500423376042e-02  7.2736536630906889e-01  9.6091655933175882e-02  
q[15]: 1.2239565715234433e-02  6.5849797116737774e-01  3.3682640601948044e-01  
q[16]: 2.5402725031244546e-02  7.2401133356314507e-01  4.4423426149802658e-01  
q[17]: 8.8318854038263450e-03  8.9195797581950931e-01  8.6521109752695990e-01  
q[18]: 1.0773353927914873e-02  8.7688068886254322e-01  3.1239587319599891e-02  
q[19]: 2.1385276083681910e-02  8.8241561325366935e-01  1.5994167387267844e-01  
q[20]: 2.9853833175885750e-02  7.5255849263442676e-01  2.6525400579253339e-01  
q[21]: 2.3676999167468193e-02  8.9396726378999924e-01  3.5660314439391672e-01  
q[22]: 2.6932151005673768e-02  8.7416480025394139e-01  5.4543226658039401e-01  
q[23]: 2.3924059375075146e-02  8.5914599109436041e-01  7.1804431611545039e-01  
q[24]: 2.4154791411726429e-03  9.8221281142282746e-01  9.6376949745545382e-01  
q[25]: 2.3086641192980222e-03  9.7627089051972882e-01  1.1818795051279727e-02  
q[26]: 8.0744637242146401e-03  9.7587559781472988e-01  9.6436526661779098e-02  
q[27]: 1.1537943981393760e-02  9.7793877843459209e-01  2.6839416103677749e-01  
q[28]: 1.2415308972041565e-02  9.7868158477090084e-01  4.9196123130790137e-01  
q[29]: 1.3186312391760128e-02  9.7286568341282742e-01  6.9976478997625602e-01  
q[30]: 2.7217707642450458e-02  6.7145663100658082e-01  5.4505291003798728e-01  
q[31]: 8.8956706031553222e-03  9.7327445409575863e-01  8.6323134475637298e-01  

