deg: 4
dim: 2
nodes: 6
efficiency: 0.833333

q[0]: 5.5024644337129738e-02  1.8326112037694486e-01  9.1708951594174123e-02  
q[1]: 1.1169457688967764e-01  5.5398668140640472e-01  1.0810850802064750e-01  
q[2]: 1.1169468089969638e-01  5.5434260079682862e-01  4.4623405555697787e-01  
q[3]: 5.4951412944048539e-02  9.0839521571719450e-01  9.1493127380188999e-02  
q[4]: 1.1168327224850394e-01  8.9190796054231281e-01  4.4577590000463119e-01  
q[5]: 5.4951412680943751e-02  9.0855220725996744e-01  8.1690205406545280e-01  

