deg: 2
dim: 5
nodes: 6
efficiency: 0.666667

q[0]: 8.4665860246690719e-02  3.0032225428584391e-01  2.9886094224073667e-01  6.6563860864474200e-01  2.1996193078448173e-01  8.0694574902208105e-02  
q[1]: 7.7482338543347351e-02  3.3089880995552379e-01  2.4467053069492864e-01  6.8345763872078924e-01  9.3447005627968027e-01  7.9844537351513334e-01  
q[2]: 8.5547676303911177e-02  5.6873234957054521e-02  8.2607002970071275e-01  2.5950113649510792e-01  7.7560576551719607e-01  2.7510811592546525e-01  
q[3]: 7.4989528220860954e-02  6.9555697304259823e-01  6.8250153715576800e-02  2.7443926424802201e-01  8.3103553742144654e-01  1.3601284183683887e-01  
q[4]: 8.8467309200164740e-02  8.4888723277339695e-01  6.7976057684501601e-01  1.5757785256746862e-01  5.3008190377917008e-01  4.7525304198872964e-01  
q[5]: 8.8847287485025073e-02  7.5197020204884057e-01  7.8579809073824858e-01  9.4507060413780064e-01  7.5117643244818111e-01  2.4975911194781075e-01  

