deg: 4
dim: 5
nodes: 23
efficiency: 0.913043

q[0]:  3.8665052573198709e-02  1.4878053991959342e-01  1.1083220700174520e-01  4.4126118790927010e-01  7.6524155318508524e-01  4.6401510936619828e-01  
q[1]:  7.7200040035267188e-03  6.0533667613268760e-01  2.1304443521624940e-02  9.0619522230141702e-01  9.1004937099249816e-01  8.9701519118598594e-01  
q[2]:  1.9215179407388136e-02  1.9480322465546157e-01  3.5959077122265909e-01  1.3228847069205898e-01  2.2083387542857122e-01  1.0148534309493172e-01  
q[3]:  1.5975853834443953e-02  2.6817723651288483e-01  2.7758397697931264e-01  1.9970491391219009e-02  8.2832447261584619e-01  1.3354090046481076e-01  
q[4]:  1.0559423362313712e-02  1.0573286865562759e-01  5.9166330076079532e-01  1.3655868631458148e-01  9.1253678961745932e-01  8.9056868827478952e-01  
q[5]:  1.4446236561931815e-02  4.1954080334739449e-02  2.9614445067963835e-01  9.9244221684445366e-01  4.5844073235368399e-01  1.7135173900876616e-01  
q[6]:  1.1945877532432255e-02  1.3208536159795030e-02  9.8867291299661153e-01  4.4520637654485867e-01  3.7661969669178397e-01  2.2593179790213178e-01  
q[7]:  1.3134319890149525e-02  2.1729387564071639e-02  7.5549978569071086e-01  4.7596978671571150e-01  9.7693890112499915e-01  1.9400261159441351e-01  
q[8]:  1.3028832077443743e-02  8.1442013782798384e-01  1.4199156158312598e-01  1.5195919731633062e-02  6.3221435362111733e-01  5.8375455073937710e-01  
q[9]:  4.5144620379784922e-02  4.5836585261246021e-01  5.2477779948683045e-01  6.0708800852160960e-01  4.9609271817769490e-01  4.4659545993710997e-01  
q[10]: 1.9217651009666364e-02  4.8659764785017029e-01  1.7681443954476908e-01  8.5753325423166371e-01  9.5422572589098542e-01  1.6217596615475707e-01  
q[11]: 3.4099481883458869e-02  3.4894489119098915e-01  5.9934257312738726e-01  5.8799498851993881e-01  5.8768093665432286e-01  7.5577452351028290e-03  
q[12]: 4.0891851472764688e-02  4.7757095687843037e-01  8.6627390066553134e-01  1.1810148168990386e-01  7.3145560460693493e-01  3.6620978567296131e-01  
q[13]: 3.6269323455558999e-02  7.5034116781228322e-01  4.2335736377808231e-01  3.6617300913579626e-01  9.7679041907416619e-01  6.4424392993097301e-01  
q[14]: 9.2934470184949710e-03  5.8054684035581006e-01  8.8736758173986030e-01  9.1526393670209305e-01  1.2715957422550309e-01  6.4896101102163428e-02  
q[15]: 2.9577531640655359e-02  2.5312364211635302e-01  7.4396567017204995e-01  8.6846475077942886e-01  8.8066316529751709e-01  6.4258236710273808e-01  
q[16]: 1.6540413940527233e-02  6.3378079652842267e-01  5.2845055484628152e-02  6.6908349029880310e-01  2.0501758935485631e-01  8.8613627562119199e-02  
q[17]: 2.4695476017629805e-02  8.0606051956893310e-01  9.9306019306986917e-02  3.1498056693009047e-01  6.8884524121190749e-01  1.3615097143024632e-01  
q[18]: 2.5471980841616938e-02  8.8880243836141493e-01  7.0490585240601866e-01  2.3837124385922431e-01  3.0571814544275694e-01  1.1734336956417006e-01  
q[19]: 9.4717904204714466e-03  9.4907973209307617e-01  7.1030530525653146e-01  2.4988448413946393e-01  9.6990266919199575e-01  7.6030816769780796e-02  
q[20]: 3.1975416052373744e-02  9.4334763531128019e-01  3.9671427063281378e-01  8.7064952124920780e-01  6.4385490378254573e-01  3.3442581345408273e-01  
q[21]: 9.4824983673850692e-03  9.3561693140977975e-01  9.8761166115041410e-01  5.3233347511058005e-01  8.1656769773200444e-01  8.0749763155652055e-01  
q[22]: 2.3177738256782956e-02  6.9669952933835455e-01  9.2678923702640559e-01  8.2507486632408222e-01  7.9251717955287393e-01  1.9895439107852164e-01  

