deg: 3
dim: 5
nodes: 11
efficiency: 0.909091

q[0]:  4.9232845689767858e-02  2.0153602545841132e-01  2.0968599453106959e-01  6.7988453241219693e-01  7.6746246152530051e-01  8.6860423893515712e-02  
q[1]:  4.6317703689425012e-02  3.9810915563029781e-01  1.9843923066456845e-01  7.9088622423438359e-01  8.8757958353763144e-01  7.4683338992946224e-01  
q[2]:  5.4072246384968478e-02  1.2383126257191698e-01  4.1153266657981286e-01  4.1225499939917287e-01  3.0009166720736813e-01  2.3127544266133693e-01  
q[3]:  3.2126781420902639e-02  4.5089179483854724e-01  7.4753864424707339e-01  1.9487279623111567e-01  8.3065793432474866e-01  6.2135058623976155e-02  
q[4]:  4.8241512364952617e-02  2.9368205890605853e-01  9.6787321857909736e-01  9.1277409693602085e-01  6.6666666666666685e-01  3.3333333333333376e-01  
q[5]:  4.0292022102334811e-02  1.1281605873313216e-01  6.4852791961191270e-01  1.3811869375210781e-01  9.2876784092827902e-01  5.9592894439589106e-01  
q[6]:  4.8241512364952659e-02  7.0631794109394153e-01  3.2126781420902771e-02  8.7225903063979288e-02  6.6666666666666652e-01  3.3333333333333287e-01  
q[7]:  4.3955318633128966e-02  8.1738873429385317e-01  3.1471481529588757e-01  8.6865919406769920e-01  3.1984596055705095e-01  1.4174269494863531e-01  
q[8]:  3.8058356648635334e-02  6.8986874905869755e-01  8.3270474885038137e-01  2.1778676723660603e-01  3.1278222556119628e-01  5.1236912262656809e-02  
q[9]:  4.9378421638305588e-02  9.1203253938969620e-01  5.4359436216027990e-01  6.5653373391008341e-01  9.4284061893252302e-01  2.8977319066138241e-01  
q[10]: 5.0083279062626052e-02  8.0767653797491212e-01  7.4831754394680361e-01  3.7232256319048890e-01  7.4401052398409295e-01  6.9156453834909992e-01  

