deg: 3
dim: 6
nodes: 14
efficiency: 0.857143

q[0]:  1.0480989547754160e-04  5.8554933094860995e-01  4.7319776462303681e-01  3.4197992888690210e-01  1.8665128076466439e-01  1.8557393195387176e-01  5.4356223629156458e-02  
q[1]:  7.2950684873437203e-05  6.0020102439361067e-01  5.7425331628554621e-01  4.7780457030578316e-01  4.2495693213052849e-01  1.3700287908711378e-01  4.0554083184065080e-02  
q[2]:  7.8013628719855786e-05  6.5884220096330925e-01  5.1206134159988370e-01  4.4694714621074610e-01  4.3389886871362987e-01  3.6311991517949832e-01  2.9800539530511322e-01  
q[3]:  1.0333142252023702e-04  8.9624074818917032e-01  4.8894115403835664e-01  3.2094594763936912e-01  3.1108030962367283e-01  2.0424110625151559e-01  3.6246707219188518e-02  
q[4]:  7.3026449913921089e-05  8.3136639622623998e-01  4.2829496024770819e-01  4.2353182448760102e-01  2.2691163218908972e-01  6.2226430625459281e-02  5.7461238853274400e-02  
q[5]:  7.4988616731047871e-05  9.9832842273698641e-01  6.4039782076654050e-01  5.3864069978124829e-01  3.9529555740499145e-01  3.8162148719554395e-01  2.7986417309749395e-01  
q[6]:  1.2730192253064432e-04  8.8888849023535510e-01  7.7777648561019963e-01  3.3486107917120411e-01  2.2374927017480450e-01  1.1263779116557067e-01  1.1111127720353221e-01  
q[7]:  1.1516767125481924e-04  9.1746777471314056e-01  8.8743471445784927e-01  5.6833271983327860e-01  5.0982396339833669e-01  4.2493785244403642e-01  1.0584468587956651e-01  
q[8]:  1.3394511808573523e-04  8.6060214031211468e-01  8.2330706912390206e-01  7.5993252695703239e-01  3.5725480378288416e-01  2.2355438850095471e-01  1.6017933343650950e-01  
q[9]:  8.0771872179490878e-05  9.7803266834433866e-01  8.2698020185292975e-01  6.5601048609547841e-01  2.3960432740857562e-01  1.9193297224350545e-01  2.0963731835753330e-02  
q[10]: 7.8583434279051362e-05  9.5518492744191141e-01  8.6919122541343186e-01  7.3696348379613341e-01  5.8618845456799873e-01  1.3535654128798846e-01  3.1289492150533083e-03  
q[11]: 1.2210123178155885e-04  9.4133488361459194e-01  8.1591579225240862e-01  7.3475131728746623e-01  6.8265113268970623e-01  3.0981716729974762e-01  2.2865249749116864e-01  
q[12]: 1.2730493715255872e-04  8.8888928752967500e-01  7.7777906990061363e-01  7.7624828988468486e-01  6.6513787663571067e-01  5.5402713341100918e-01  1.1111094502267009e-01  
q[13]: 9.6592003388989731e-05  9.2642827249868398e-01  8.8590099590066795e-01  7.6914401668914190e-01  6.6226311558181117e-01  5.9078954527312755e-01  4.7403266456232135e-01  

