deg: 2
dim: 6
nodes: 7
efficiency: 0.571429

q[0]: 1.3689256864341052e-04  6.4400871021305617e-01  4.6188993190030764e-01  4.5905786586282105e-01  8.0168650951930889e-02  5.4735156033268159e-02  4.4229066223181492e-02  
q[1]: 4.1157712647866895e-04  7.2781226376830488e-01  6.4598225107348151e-01  4.7088898216570629e-01  4.7046948270223049e-01  3.0856420616449948e-01  1.5379173228768753e-01  
q[2]: 1.4320877394905648e-04  9.4729769074977566e-01  4.5078804051535420e-01  3.1572689280055194e-01  2.9438929138277214e-01  1.7164243026018516e-01  7.1833648652694801e-02  
q[3]: 1.7741474930649538e-04  9.6460390407893049e-01  8.8428152082043476e-01  4.5671864965569670e-01  2.1700710379674198e-01  1.7172016578683696e-01  8.2441286360699445e-02  
q[4]: 2.0006270011738015e-04  9.6061948874188641e-01  8.7586649924287052e-01  7.9980156757655085e-01  5.8816315395495689e-01  1.6953293374168613e-01  8.0493458471609630e-02  
q[5]: 1.5350390514149131e-04  9.3894958513977189e-01  8.3085198195487997e-01  7.9147904345513720e-01  5.9618160799952002e-01  5.4567865834954410e-01  7.2798033886184818e-02  
q[6]: 1.6622906525238615e-04  9.6043640800068175e-01  8.3471591721926408e-01  7.7755943427861363e-01  6.0629602081579992e-01  5.3905842294106787e-01  4.6242742522277985e-01  

