deg: 1
dim: 6
nodes: 1
efficiency: 1

q[0]: 1.3888888888888887e-03  8.5714285714285710e-01  7.1428571428571430e-01  5.7142857142857151e-01  4.2857142857142866e-01  2.8571428571428575e-01  1.4285714285714288e-01  

