deg: 10
dim: 2
nodes: 23
q[0]:  1.8338598137041976e-02  2.6464954983434139e-02  1.0271986578436586e-01  
q[1]:  2.6532862296018037e-02  1.9870577926092810e-02  5.1109083762326968e-01  
q[2]:  9.1100006300601534e-03  1.5881457012980747e-02  9.4969252617259181e-01  
q[3]:  1.7938476937875533e-02  1.6098086095831962e-01  1.6799973730551348e-02  
q[4]:  6.5268438721247907e-02  1.2821412591269890e-01  2.8989525089594453e-01  
q[5]:  9.3824160826864400e-02  2.7048533092593868e-01  5.7896187355934414e-01  
q[6]:  5.1764390408258358e-02  9.2850785488228615e-02  7.8228885553444327e-01  
q[7]:  2.8027459371890443e-02  2.0953524148892513e-01  9.6528213228024617e-01  
q[8]:  6.8936792565723742e-02  3.5136737222271630e-01  1.2689884881347196e-01  
q[9]:  1.2692531443860415e-02  3.2590402546291852e-01  3.7085586257720782e-01  
q[10]: 4.7027496659255437e-02  5.5967494004785390e-01  7.2808404384733005e-01  
q[11]: 6.4594318908421294e-02  4.1019220054822725e-01  8.5981478989783111e-01  
q[12]: 1.0078071138465657e-01  5.3136165258997170e-01  3.6853560305883670e-01  
q[13]: 7.4115705346972566e-02  7.2059388698633120e-01  6.2639703143429681e-01  
q[14]: 2.6123236035086345e-02  6.2261150228125339e-01  9.7943644405981845e-01  
q[15]: 3.1247062386504036e-02  5.9871430817618099e-01  2.8617015820313636e-02  
q[16]: 7.1349637032710841e-02  7.6386484704979318e-01  1.8576972958063254e-01  
q[17]: 5.0974555851336839e-02  8.2701476064701618e-01  8.7488613586896069e-01  
q[18]: 2.2423034925130793e-02  9.1799730851397698e-01  4.3095419647610406e-02  
q[19]: 1.6410700462250381e-02  9.9080286275790708e-01  2.1935053329150933e-01  
q[20]: 6.3215356928660246e-02  8.9975174874381081e-01  4.4226441194403748e-01  
q[21]: 2.8008035842867256e-02  9.7248149697568409e-01  7.2132595051443948e-01  
q[22]: 1.1296436897306519e-02  9.5657969531787379e-01  9.6948868151310841e-01  

