deg: 15
dim: 2
nodes: 48
q[0]:  6.7867898998559663e-03  3.0639197883314557e-02  3.4000433349274543e-02  
q[1]:  9.2409018118056914e-03  1.4823564472104584e-02  1.8377567844844356e-01  
q[2]:  2.7916723868965942e-02  7.5562451120807464e-02  3.2510701694813543e-01  
q[3]:  1.0863402883108284e-02  1.1896808041210776e-02  4.8248707777856836e-01  
q[4]:  2.5269462660623458e-02  1.4558523535943738e-01  5.4804564594191230e-01  
q[5]:  2.3660585173331514e-02  5.7670477883524751e-02  6.7378128361502876e-01  
q[6]:  7.0937122152607713e-03  9.2274584488265549e-03  8.2178725590198187e-01  
q[7]:  6.9492399657872031e-03  3.2123795843269770e-02  9.6674085630570616e-01  
q[8]:  6.0885014717301754e-03  1.6463208803061527e-01  6.7532271552545944e-03  
q[9]:  2.3219021854336757e-02  1.2059537534277841e-01  1.1067692022099493e-01  
q[10]: 1.3897865221880530e-02  1.8834560876358469e-01  4.4654997541668939e-01  
q[11]: 2.3680317261705920e-02  1.1234625251564367e-01  8.7812439650373286e-01  
q[12]: 8.1108070101519325e-03  1.7390906714464699e-01  9.8801201126550509e-01  
q[13]: 2.2471571678135335e-02  3.1409160123765406e-01  5.2540361795617850e-02  
q[14]: 3.9865525090003857e-02  2.4671241905552346e-01  2.3080384497348472e-01  
q[15]: 1.8527687201009956e-02  2.4532327517566016e-01  4.4751278539470979e-01  
q[16]: 3.9214545074689466e-02  2.3054645106956401e-01  7.4841286804578833e-01  
q[17]: 2.7213067176548089e-02  3.1492263824693556e-01  9.2951142352863958e-01  
q[18]: 1.7154539431126669e-02  4.2682514186803294e-01  1.3149234259892417e-01  
q[19]: 4.4738378407959516e-02  4.1840064969742580e-01  3.5567199476894429e-01  
q[20]: 4.5225424758593896e-02  3.7951399180370615e-01  5.7937738365736002e-01  
q[21]: 2.3144234226335089e-02  4.0783500238615078e-01  7.7586824657339915e-01  
q[22]: 1.1020605859208195e-02  4.8249525702044099e-01  9.8772203491042088e-01  
q[23]: 1.1060777861829827e-02  5.1708534398085049e-01  1.2341306158768175e-02  
q[24]: 2.5277140942984028e-02  5.1805240782258122e-01  1.6215489659262344e-01  
q[25]: 1.7368337831270599e-02  6.0495282176027199e-01  2.3668790653913382e-01  
q[26]: 4.5702049947999868e-02  6.2103245254704731e-01  4.2223279393831820e-01  
q[27]: 4.2390039690410400e-02  5.7866723976267220e-01  6.4181798339975316e-01  
q[28]: 3.1479631055542870e-02  5.2293516242610072e-01  8.5205836052994843e-01  
q[29]: 2.3078749385362425e-02  6.8378963205043786e-01  9.4679354075050570e-01  
q[30]: 2.6727466386100584e-02  6.8838772773635482e-01  6.8437319723106696e-02  
q[31]: 3.8696585509368171e-02  7.6778597925846448e-01  2.4995518645839893e-01  
q[32]: 1.6421714913232573e-02  7.3279420576465126e-01  5.9952105728197724e-01  
q[33]: 3.8691913162417282e-02  7.5568965925047715e-01  7.6986233164563633e-01  
q[34]: 4.7677986918893585e-03  6.2014677849212008e-01  8.6215616061750433e-01  
q[35]: 7.7721185910708274e-03  8.2944310183042624e-01  1.1168611992027276e-02  
q[36]: 2.3656196479163807e-02  8.8761591877663115e-01  1.2172754938110980e-01  
q[37]: 3.5223021553046868e-03  8.7619543311308146e-01  3.4456316163625383e-01  
q[38]: 3.8359871239202731e-02  8.2858583398685148e-01  4.9430835008392665e-01  
q[39]: 2.3091043488900554e-02  8.7960898557055389e-01  8.8970920267757203e-01  
q[40]: 6.1438679841778381e-03  8.3494357780979744e-01  9.9320043306862915e-01  
q[41]: 6.9556794902326195e-03  9.6859350705004477e-01  3.3977722476261525e-02  
q[42]: 7.7697453095504710e-03  9.8946476137748285e-01  1.8421128761350106e-01  
q[43]: 2.4640549356523402e-02  9.3899171422456440e-01  3.3670016965087968e-01  
q[44]: 1.0723646223771590e-02  9.8834108961582512e-01  5.1806823338865149e-01  
q[45]: 2.8245840251240998e-02  9.2381846543631307e-01  6.7372651433444852e-01  
q[46]: 9.3337588278273684e-03  9.8498861460996801e-01  8.1586398435187257e-01  
q[47]: 6.7702650224708743e-03  9.6944222104508837e-01  9.6602962731977027e-01  

