deg: 9
dim: 2
nodes: 20
efficiency: 0.95

q[0]:  2.6931443139068052e-02  8.6537316928241362e-02  4.8495804703502052e-02  
q[1]:  2.9506728605857502e-02  2.4964871452101627e-02  2.6845236881361079e-01  
q[2]:  8.9395723645384145e-02  1.5437471071665473e-01  4.9708090497037155e-01  
q[3]:  3.3331399258129363e-02  3.1169695396635260e-02  7.3881607136828686e-01  
q[4]:  1.8216383744090698e-02  7.3410852726709871e-02  9.6806183083170283e-01  
q[5]:  1.8216383744090698e-02  3.4284062528137910e-01  4.8181145811814458e-02  
q[6]:  8.0911028289990750e-02  2.8270492412943304e-01  1.9574961499063875e-01  
q[7]:  6.9160624323859762e-02  2.4839362517275135e-01  8.6388780046106961e-01  
q[8]:  1.0640001327892072e-01  5.4411579342805250e-01  3.6570893152924211e-01  
q[9]:  9.5993064608436290e-02  4.3059174860123262e-01  6.5615887851232924e-01  
q[10]: 3.2791401083267786e-02  4.9495149324047910e-01  9.7647401821310420e-01  
q[11]: 2.9380194606319559e-02  5.4426353293272933e-01  2.7142208076174325e-02  
q[12]: 7.2637625712312054e-02  7.4874299345026385e-01  1.5374715979023926e-01  
q[13]: 5.7213816941147737e-02  6.8989122681802828e-01  7.5022427372402622e-01  
q[14]: 4.5373417654047149e-02  7.3229046054070401e-01  8.7956347430437276e-01  
q[15]: 2.0656929071011101e-02  9.2271138118720308e-01  3.6538856774049451e-02  
q[16]: 3.1229638085591933e-02  9.7249820243734675e-01  2.6567432560532644e-01  
q[17]: 8.7932195659020010e-02  8.4885055533354148e-01  5.0250432577188864e-01  
q[18]: 3.1183112533718409e-02  9.7192733670376286e-01  7.4115933112846222e-01  
q[19]: 2.3538876015736395e-02  9.1527079104662135e-01  9.5788344297767058e-01  

