deg: 8
dim: 2
nodes: 16
q[0]:  2.5674642791838859e-02  2.3709117787192209e-02  1.2631086016456672e-01  
q[1]:  1.0021036835188042e-01  1.5843677118052202e-01  3.4602716606811335e-01  
q[2]:  4.6629790119141909e-02  3.5667737565631630e-02  6.4825028649776717e-01  
q[3]:  3.2405362711474421e-02  8.6058790114775394e-02  9.4498974938824920e-01  
q[4]:  3.7039786925674882e-02  2.2152296978728048e-01  3.0444768700525295e-02  
q[5]:  7.3881123302881893e-02  3.6431637826144975e-01  5.5899108378400741e-01  
q[6]:  9.2703465765535051e-02  2.8512731459087598e-01  8.1082257185960582e-01  
q[7]:  1.1242874749463595e-01  4.8260976198928979e-01  1.7032942135936011e-01  
q[8]:  1.0320042190729845e-01  6.0271723564210700e-01  5.2647453705514335e-01  
q[9]:  4.1602909622707900e-02  5.1434014963416852e-01  9.7456153950170521e-01  
q[10]: 3.9889473864223673e-02  7.5327799669785189e-01  3.2704730172682397e-02  
q[11]: 9.4212210568102792e-02  7.3733155613322732e-01  8.0297260932884873e-01  
q[12]: 2.3709166132312564e-02  9.7611241330385190e-01  1.0860404111759880e-01  
q[13]: 9.8077626443540067e-02  8.4359106613624679e-01  3.2053122125543643e-01  
q[14]: 4.7776589577769799e-02  9.6381754717427481e-01  6.2417367349309072e-01  
q[15]: 3.0558314420981399e-02  9.2312687519801928e-01  9.4325620088410078e-01  

