efficiency: 0.952381
deg: 14
dim: 2
nodes: 42
q[0]:  +6.1788885721069699e-03  +2.0450464672707579e-02  +4.3316755208737477e-02
q[1]:  +9.0532343453235582e-03  +1.1775466680183637e-02  +2.4617272778848712e-01
q[2]:  +2.2866979758538294e-02  +4.6172456320806549e-02  +4.3404228752038115e-01
q[3]:  +1.1933650631217744e-02  +1.3777044006347716e-02  +6.6313715316345645e-01
q[4]:  +2.6563442109716773e-02  +7.8969846369331687e-02  +8.1743853651614828e-01
q[5]:  +6.1470512907631754e-03  +1.2341861346040041e-02  +9.2914670103346808e-01
q[6]:  +7.7255572167170073e-03  +1.3243221397586633e-01  +1.1893188256169411e-02
q[7]:  +2.3741703711437804e-02  +8.8308375687942142e-02  +1.4181133123366313e-01
q[8]:  +3.3739102813087167e-02  +1.6561564443073987e-01  +3.2172704277143899e-01
q[9]:  +3.7031963242767127e-02  +1.4059280854999065e-01  +5.8479320395087586e-01
q[10]: +6.1470513185040371e-03  +7.9256741546469014e-02  +9.8894310399648322e-01
q[11]: +2.8234803825809136e-02  +2.6833352799072152e-01  +7.3739244030356213e-02
q[12]: +2.5506793051279234e-02  +2.6518191537471475e-01  +2.3933884533983704e-01
q[13]: +4.2137798018678077e-02  +2.5928538382171434e-01  +7.2861585481412250e-01
q[14]: +2.6352392302292558e-02  +2.0678608181711883e-01  +9.3094230112484411e-01
q[15]: +1.2101369511401760e-02  +4.4060393878444937e-01  +1.2941168558860577e-02
q[16]: +3.8743566835696817e-02  +4.6531584883118660e-01  +1.6653025596449519e-01
q[17]: +2.3812663265729946e-02  +4.4979546962262879e-01  +2.9732823496137689e-01
q[18]: +5.8483319727997182e-02  +3.4425863388244426e-01  +4.7724994813665045e-01
q[19]: +4.0377901995853657e-02  +4.1565739821577830e-01  +8.4934511613127783e-01
q[20]: +1.1285825144775531e-02  +3.7836860914848108e-01  +9.8859510362275671e-01
q[21]: +2.7973733286283414e-02  +6.3545183391563154e-01  +6.3879765843782882e-02
q[22]: +5.3949789152569379e-02  +6.1639032033683006e-01  +3.8312671102073492e-01
q[23]: +5.2725357453221107e-02  +5.1398892598178958e-01  +6.5054633438531817e-01
q[24]: +1.3988157559154250e-02  +6.4993513814732851e-01  +8.4853445153154716e-01
q[25]: +2.5132191998489341e-02  +5.9114164742078112e-01  +9.4629682979561025e-01
q[26]: +2.5447704037982816e-02  +7.2358986919580570e-01  +1.9069655062175112e-01
q[27]: +1.7216693624014161e-02  +6.3270031281102823e-01  +5.8638762037615000e-01
q[28]: +3.9701731476597807e-02  +7.2837129470686235e-01  +7.7034486171907879e-01
q[29]: +8.9160045015774809e-03  +8.0127439431609471e-01  +1.0787651571778347e-02
q[30]: +2.2508777213326853e-02  +8.8725539167386047e-01  +1.0285829612678871e-01
q[31]: +4.8824194422073905e-02  +8.0502734851747526e-01  +5.3159140526428694e-01
q[32]: +3.0742711094969143e-02  +9.2353358919570783e-01  +7.0323019703380019e-01
q[33]: +2.5172335290199584e-02  +8.6115458038163961e-01  +9.0033750935854262e-01
q[34]: +9.1197083684363203e-03  +7.7133316400921204e-01  +9.8855494862733972e-01
q[35]: +6.3091486945766277e-03  +9.6966336110603912e-01  +2.9681771247254261e-02
q[36]: +1.0540278779180430e-02  +9.8502667806857735e-01  +1.9325787073162762e-01
q[37]: +2.5388967772258429e-02  +7.9991795281978517e-01  +2.5656858852833198e-01
q[38]: +3.0570003345879504e-02  +9.2564670888507394e-01  +3.5709501584941439e-01
q[39]: +1.2025462743486490e-02  +9.8770416045000109e-01  +5.2950777851802255e-01
q[40]: +8.5242206568332500e-03  +9.8755983337030351e-01  +8.4632274560710408e-01
q[41]: +7.0577698391962118e-03  +9.5933918356769543e-01  +9.7417053315121727e-01

