deg: 2
dim: 2
nodes: 3
efficiency: 0.666667

q[0]: 3.6565994886387404e-01  3.8503172720951767e-01  1.3758117213255286e-01  
q[1]: 2.6868010227221406e-01  1.6323238471857032e-01  8.3676761528142363e-01  
q[2]: 3.6565994886391190e-01  8.6241882786742041e-01  6.1496827279046407e-01  

