efficiency: 0.928571
deg: 11
dim: 2
nodes: 28
q[0]:  +1.1269584603718777e-02  +1.4246078110471491e-01  +1.4003523349087246e-02
q[1]:  +3.0190224748098845e-02  +4.1707490480668706e-02  +3.1393349232662809e-01
q[2]:  +2.2569362435627866e-02  +2.1438669248497969e-01  +5.1175713088986141e-01
q[3]:  +1.7942594062945641e-02  +1.3095078845871088e-02  +6.6912954037164740e-01
q[4]:  +1.4080681315313216e-02  +3.9205219350045388e-02  +9.4704385747279840e-01
q[5]:  +1.4719156018711311e-02  +3.2147412213965776e-02  +7.7726383551490502e-02
q[6]:  +5.8912170781944315e-02  +2.0862702884030165e-01  +1.7549307800511987e-01
q[7]:  +4.2724253290812260e-02  +1.2772721059074138e-01  +5.0474956342089305e-01
q[8]:  +4.3189553908332505e-02  +1.2782112656191805e-01  +8.1321033810521870e-01
q[9]:  +2.0584890876157471e-02  +2.4343245760871929e-01  +9.7767478573308797e-01
q[10]: +3.3052229006011950e-02  +4.0509263433176784e-01  +4.2764388976035135e-02
q[11]: +8.5223248391414652e-02  +4.1154496514805783e-01  +3.5629007370119886e-01
q[12]: +5.1089442139705163e-02  +3.2159282510266030e-01  +6.4838604581765558e-01
q[13]: +4.6529395330520092e-02  +3.7275139152598874e-01  +8.4411088026178505e-01
q[14]: +2.2619755651587584e-02  +5.6894341891401756e-01  +9.6042343451670031e-01
q[15]: +5.7366913668015773e-02  +5.9716682798543552e-01  +1.4917456981456337e-01
q[16]: +8.3910949015604794e-02  +5.9595687406112707e-01  +6.4012283114722335e-01
q[17]: +2.0333356968344207e-02  +5.5463078078763728e-01  +9.0358060386360006e-01
q[18]: +2.0668890307538088e-02  +7.5370078978746324e-01  +2.1853498896666913e-02
q[19]: +4.4254814018846997e-02  +8.6769042812989217e-01  +1.8503561180408853e-01
q[20]: +6.5749423803062729e-02  +7.1918538719752878e-01  +3.8139828298163225e-01
q[21]: +5.7959734568714276e-02  +7.9476112862432990e-01  +8.2183985826323358e-01
q[22]: +1.1352829305156267e-02  +8.0749922123889772e-01  +9.8831999122615766e-01
q[23]: +1.4230462575993415e-02  +9.6043861109529960e-01  +5.3011967366010583e-02
q[24]: +1.8843329372249664e-02  +9.8515999697457168e-01  +3.2815515243021809e-01
q[25]: +5.2188330401549882e-02  +8.8691455328095281e-01  +5.3450096365798982e-01
q[26]: +2.1984270937485787e-02  +9.7127122461685989e-01  +7.1849843235602939e-01
q[27]: +1.6460152496536453e-02  +9.5646518391255864e-01  +9.3749025369559202e-01

