deg: 3
dim: 2
nodes: 4
efficiency: 1

q[0]: 2.5000000000000022e-01  2.1132486540518708e-01  2.1132486540518708e-01  
q[1]: 2.5000000000000000e-01  2.1132486540518708e-01  7.8867513459481298e-01  
q[2]: 2.5000000000000000e-01  7.8867513459481298e-01  2.1132486540518708e-01  
q[3]: 2.4999999999999978e-01  7.8867513459481298e-01  7.8867513459481298e-01  

