efficiency: 1
deg: 3
dim: 2
nodes: 4
q[0]: +2.4999999999999989e-01  +2.1132486540518713e-01  +2.1132486540518713e-01
q[1]: +2.4999999999999989e-01  +2.1132486540518713e-01  +7.8867513459481287e-01
q[2]: +2.4999999999999989e-01  +7.8867513459481287e-01  +2.1132486540518713e-01
q[3]: +2.4999999999999989e-01  +7.8867513459481287e-01  +7.8867513459481287e-01

