efficiency: 0.666667
deg: 2
dim: 2
nodes: 3
q[0]: +3.7499791141418648e-01  +1.4644464026626128e-01  +3.8214952617909853e-01
q[1]: +2.5000417717384948e-01  +8.5354945236051438e-01  +1.4645054764077720e-01
q[2]: +3.7499791141196409e-01  +6.1785047382100677e-01  +8.5355535973556607e-01

