deg: 6
dim: 2
nodes: 10
q[0]: 4.8939596111430908e-02  8.0076622095121633e-02  7.7980452269405448e-02  
q[1]: 8.5590642736658312e-02  5.2590528186109452e-02  5.7296793328615736e-01  
q[2]: 5.9737493190310749e-02  1.3629503972994278e-01  9.3939795807319437e-01  
q[3]: 1.6822742367336627e-01  2.9892292263182241e-01  2.8536702840119427e-01  
q[4]: 1.8109860776044309e-01  4.3200912855845447e-01  7.5630684234771461e-01  
q[5]: 8.1027652805066006e-02  5.8956196975644137e-01  4.7951338763513138e-02  
q[6]: 6.4768364653708929e-02  7.4707068632433982e-01  9.6150636467327355e-01  
q[7]: 6.2078725807098049e-02  9.4003002340020603e-01  1.4593336622094774e-01  
q[8]: 1.8321096133568726e-01  7.5169061263798953e-01  4.4455286746491673e-01  
q[9]: 6.5320531926230496e-02  9.5962815289791525e-01  7.5605820731438089e-01  

