deg: 13
dim: 2
nodes: 37
efficiency: 0.945946

q[0]:  9.7554807790077372e-03  4.3379136608171345e-02  3.4252493505073291e-02  
q[1]:  1.0171445385633233e-02  1.0670737976452266e-02  1.9417346524207590e-01  
q[2]:  2.1998021656947090e-02  3.1251428920733654e-02  4.9473978273130320e-01  
q[3]:  1.3219343426915007e-02  1.7353698861565490e-02  7.7532754773755252e-01  
q[4]:  9.7076558625866834e-03  3.6930656485452712e-02  9.5991994877141440e-01  
q[5]:  1.3695752271564185e-02  2.4215672535658372e-01  1.7378245804167906e-02  
q[6]:  2.8074929138724544e-02  1.4010509140529359e-01  1.2408430882170422e-01  
q[7]:  3.0869749835561042e-02  9.7611269414552393e-02  3.1744123136963387e-01  
q[8]:  3.9150952078167579e-02  1.2856478573238989e-01  6.5909653086435560e-01  
q[9]:  2.6750632551567975e-02  1.3059204301989036e-01  8.6946261737264796e-01  
q[10]: 1.0839251986837972e-02  2.0927006616989535e-01  9.8804659849452181e-01  
q[11]: 3.9420078420011065e-02  3.5510277227470516e-01  1.3813685731329725e-01  
q[12]: 3.7132288715576361e-02  2.5626346090530017e-01  3.2841603036211242e-01  
q[13]: 4.4362000373970513e-02  2.5970266349459398e-01  5.1401013383867389e-01  
q[14]: 4.2824895303643057e-02  3.4288502941832533e-01  7.3386042467188661e-01  
q[15]: 2.9831598487120591e-02  3.1782703553637615e-01  8.8763706445690116e-01  
q[16]: 2.4102633262065763e-02  5.1464358006304067e-01  3.6202972688240062e-02  
q[17]: 3.8331764055554537e-02  4.6698673303450555e-01  2.7975626469874415e-01  
q[18]: 5.9523052817090159e-02  5.0000000000000011e-01  5.0000000000000022e-01  
q[19]: 3.8331764055554475e-02  5.3301326696549411e-01  7.2024373530125629e-01  
q[20]: 2.4102633262065739e-02  4.8535641993695922e-01  9.6379702731175998e-01  
q[21]: 2.9831598487120560e-02  6.8217296446362385e-01  1.1236293554309888e-01  
q[22]: 4.2824895303643078e-02  6.5711497058167445e-01  2.6613957532811322e-01  
q[23]: 4.4362000373970506e-02  7.4029733650540630e-01  4.8598986616132578e-01  
q[24]: 3.7132288715576459e-02  7.4373653909469939e-01  6.7158396963788769e-01  
q[25]: 3.9420078420011016e-02  6.4489722772529479e-01  8.6186314268670294e-01  
q[26]: 1.0839251986837982e-02  7.9072993383010448e-01  1.1953401505478236e-02  
q[27]: 2.6750632551567958e-02  8.6940795698010953e-01  1.3053738262735190e-01  
q[28]: 3.9150952078167538e-02  8.7143521426761017e-01  3.4090346913564407e-01  
q[29]: 3.0869749835561091e-02  9.0238873058544755e-01  6.8255876863036591e-01  
q[30]: 2.8074929138724562e-02  8.5989490859470641e-01  8.7591569117829571e-01  
q[31]: 1.3695752271564183e-02  7.5784327464341628e-01  9.8262175419583209e-01  
q[32]: 9.7076558625866817e-03  9.6306934351454720e-01  4.0080051228585552e-02  
q[33]: 1.3219343426914993e-02  9.8264630113843454e-01  2.2467245226244734e-01  
q[34]: 2.1998021656947069e-02  9.6874857107926637e-01  5.0526021726869663e-01  
q[35]: 1.0171445385633245e-02  9.8932926202354765e-01  8.0582653475792398e-01  
q[36]: 9.7554807790077407e-03  9.5662086339182872e-01  9.6574750649492669e-01  

