efficiency: 0.958333
deg: 15
dim: 2
nodes: 48
q[0]:  +7.0324880251276343e-03  +3.4212133246986395e-02  +3.1464871882083030e-02
q[1]:  +7.4172076664700696e-03  +9.7818401479440407e-03  +1.7180065505460840e-01
q[2]:  +2.6508542420086788e-02  +6.3278331895894560e-02  +3.2259141662796703e-01
q[3]:  +1.0512412097905585e-02  +1.1144800432329783e-02  +5.0142654059171188e-01
q[4]:  +2.7924436794416280e-02  +7.1686954392033223e-02  +6.6302604376154495e-01
q[5]:  +2.2763800888681400e-02  +2.2629301164865065e-01  +7.2652963338377796e-01
q[6]:  +9.0113607653029455e-03  +1.3576095833910916e-02  +8.1227973609385329e-01
q[7]:  +7.0325429194537329e-03  +3.1162862180603986e-02  +9.6546006614564306e-01
q[8]:  +8.7730447593741476e-03  +1.8600000403256556e-01  +1.3045502583977063e-02
q[9]:  +2.3948982994603178e-02  +1.1765811779257643e-01  +1.1802137838551201e-01
q[10]: +4.3713485809528330e-02  +1.7459377527834571e-01  +4.8469691506365570e-01
q[11]: +2.4008801117656756e-02  +1.1827208561732346e-01  +8.8239067410070071e-01
q[12]: +7.2426508597729219e-03  +1.6997410293964985e-01  +9.9063049167248596e-01
q[13]: +2.7624425346426573e-02  +3.3418532803054046e-01  +7.0731225927379182e-02
q[14]: +1.4538121698482591e-02  +2.9527383432169507e-01  +2.2195954896929557e-01
q[15]: +3.0972479734411092e-02  +2.2960972176087618e-01  +2.5150932321095509e-01
q[16]: +9.5507436676008101e-03  +3.6089392667821057e-01  +4.5254977792610029e-01
q[17]: +2.2429069990048268e-02  +2.6083184544044480e-01  +7.7890189151882394e-01
q[18]: +2.6119650876519521e-02  +3.2067822879786562e-01  +9.3784736732482643e-01
q[19]: +4.2696723486055174e-02  +5.1395448141830979e-01  +1.7119815194398338e-01
q[20]: +3.7780354617035813e-02  +4.0245486095214034e-01  +3.7351993055563115e-01
q[21]: +3.6853514286567877e-02  +3.6642788916343233e-01  +5.9059651550907633e-01
q[22]: +1.1850871321527267e-02  +4.4466507641261438e-01  +6.4622645239309873e-01
q[23]: +1.0594359669618671e-02  +5.0177856508797491e-01  +9.8865204107660065e-01
q[24]: +1.0584154480948052e-02  +4.9819732150384732e-01  +1.1327288762688566e-02
q[25]: +1.5719555410553671e-02  +5.4892493002477327e-01  +3.4378871459194793e-01
q[26]: +3.7890322804393313e-02  +6.3611124685335541e-01  +4.1598372283554380e-01
q[27]: +3.7535901612668995e-02  +6.1192138207918811e-01  +6.0657614006249827e-01
q[28]: +1.0931113057296179e-02  +5.4486409166855387e-01  +6.7147659506849799e-01
q[29]: +4.2347717107364978e-02  +4.8410879911251709e-01  +8.2940079942478984e-01
q[30]: +2.7658327544989678e-02  +6.6550297068212627e-01  +9.2911321318868800e-01
q[31]: +2.6209744862620888e-02  +6.7870961314411038e-01  +6.2396841614852018e-02
q[32]: +2.1461885590519713e-02  +7.3772939038131269e-01  +2.1953979018984579e-01
q[33]: +3.2488556471490446e-02  +7.6891420711754133e-01  +7.4917301051655938e-01
q[34]: +1.3272571605685519e-02  +6.9871503705125992e-01  +7.8023942591839646e-01
q[35]: +7.2859050009108865e-03  +8.2960965592961489e-01  +9.4601029027896848e-03
q[36]: +2.4019842622634055e-02  +8.8171230127985079e-01  +1.1764411269861334e-01
q[37]: +2.3894977452230348e-02  +7.7303417193314972e-01  +2.7249381375481768e-01
q[38]: +4.3707678670884494e-02  +8.2582641146827418e-01  +5.1541519581021911e-01
q[39]: +2.3952645116627355e-02  +8.8232757059844691e-01  +8.8197763654121797e-01
q[40]: +8.8012890123897146e-03  +8.1374781415456166e-01  +9.8689801438863256e-01
q[41]: +7.0353207254628992e-03  +9.6878019760684764e-01  +3.4486712937597377e-02
q[42]: +8.9826953799164808e-03  +9.8648834825283715e-01  +1.8747075658513226e-01
q[43]: +2.7891971451270529e-02  +9.2847375265561927e-01  +3.3672041274609532e-01
q[44]: +1.0514028721035672e-02  +9.8885299885847000e-01  +4.9862943872202875e-01
q[45]: +2.6486408918178758e-02  +9.3682122380984867e-01  +6.7771999946683736e-01
q[46]: +7.3945128053976962e-03  +9.9026955381005455e-01  +8.2845394197551148e-01
q[47]: +7.0328017618562361e-03  +9.6574219952733409e-01  +9.6857553144822750e-01

