deg: 12
dim: 2
nodes: 32
efficiency: 0.96875

q[0]:  9.8220332151095890e-03  3.8843415006061623e-02  3.6057315195076087e-02  
q[1]:  3.2372325863552806e-02  1.3533022916720550e-01  1.2582731523917934e-01  
q[2]:  1.5453623827427133e-02  1.6563628479916256e-02  2.4066037467279580e-01  
q[3]:  3.1164200990526841e-02  5.6659718620924976e-02  5.0745399129575852e-01  
q[4]:  5.8381295704500943e-02  2.3456344846165042e-01  6.2752649549376582e-01  
q[5]:  1.2053239992082359e-02  1.2262177142924175e-02  7.1050145455041003e-01  
q[6]:  1.0609500288362890e-02  2.9583275298311507e-02  9.4688235646504415e-01  
q[7]:  3.6924445485548657e-02  1.4633945431690579e-01  3.5401963044831142e-01  
q[8]:  3.7824102140492116e-02  1.1582559584820343e-01  8.2064643545784710e-01  
q[9]:  1.3022064009039261e-02  1.7968206320081676e-01  9.8401759148496937e-01  
q[10]: 1.5832598594675954e-02  2.5900093489020481e-01  1.6363018792495968e-02  
q[11]: 4.0483054644967265e-02  3.5584550677196142e-01  1.7196821542297494e-01  
q[12]: 4.1101059222494220e-02  3.1108427265842781e-01  3.3162426959040714e-01  
q[13]: 2.6835102617042222e-02  3.8187826231095162e-01  7.0164936063028305e-01  
q[14]: 4.5317045912958147e-02  3.4530210470409672e-01  9.0127363313050257e-01  
q[15]: 3.5916171062271095e-02  5.0991810004496951e-01  6.5768554256657827e-02  
q[16]: 7.2181953248690311e-02  4.8465690469951023e-01  4.7780253426499802e-01  
q[17]: 6.3155205507976611e-02  5.7547533886828828e-01  7.6792918310037839e-01  
q[18]: 1.8773701237000159e-02  5.4843467743768815e-01  9.8195094437031505e-01  
q[19]: 6.4226774050671467e-02  6.4376736508998122e-01  2.5205279493591098e-01  
q[20]: 1.9846727202742942e-02  7.2585672107785049e-01  4.3178200337053524e-01  
q[21]: 6.1090756865625463e-02  7.6477077923277892e-01  5.8948342747061089e-01  
q[22]: 3.9519824621393349e-02  7.5559483706911745e-01  9.0968295994543991e-01  
q[23]: 1.2629131715390481e-02  7.1266903728683051e-01  1.1929163207002982e-02  
q[24]: 3.8014645175112258e-02  8.2531858565304728e-01  1.1866158100533011e-01  
q[25]: 4.5937007631512927e-02  9.0123496976944972e-01  3.5826534072601401e-01  
q[26]: 9.5736558836964653e-03  9.0232964189153830e-01  9.8632494102422108e-01  
q[27]: 1.0784717906694653e-02  9.4881871647471172e-01  3.1189715703893332e-02  
q[28]: 1.3455781056844078e-02  9.8387520315291110e-01  1.8943129095627961e-01  
q[29]: 1.8753349438548655e-02  9.8200419693794772e-01  5.6302082040394963e-01  
q[30]: 3.9372313451213101e-02  9.0779130862137392e-01  7.6532188492781594e-01  
q[31]: 9.5725914358355518e-03  9.8537037327572641e-01  9.0897528200798905e-01  

