deg: 4
dim: 2
nodes: 6
efficiency: 0.833333

q[0]: 1.4691741120392401e-01  6.2988642667869757e-02  3.7862430923482876e-01  
q[1]: 1.4795859771727371e-01  2.1887648719729808e-01  9.0019816404573594e-01  
q[2]: 1.4664396180671871e-01  3.7987449300695858e-01  6.2617889985487230e-02  
q[3]: 3.0128337771202163e-01  5.7378428887404798e-01  5.7370212234494455e-01  
q[4]: 1.4774424627390997e-01  9.0062148289003496e-01  2.1927558980008569e-01  
q[5]: 1.0945240528615190e-01  8.8368640113957897e-01  8.8399412480837625e-01  

