efficiency: 0.875
deg: 5
dim: 2
nodes: 8
q[0]: +4.7858587748486288e-02  +4.9124043405080781e-02  +7.7473753842561860e-02
q[1]: +2.1599697263297846e-01  +1.8012012520615034e-01  +4.9796848133839838e-01
q[2]: +4.8111160051762081e-02  +4.7858587745943489e-02  +9.2001847100628820e-01
q[3]: +1.8803327956677324e-01  +5.0177896170482550e-01  +1.3804798054025474e-01
q[4]: +1.8803327956677321e-01  +4.9822103829517456e-01  +8.6195201945974520e-01
q[5]: +4.8111160051762074e-02  +9.5214141225405646e-01  +7.9981528993711831e-02
q[6]: +2.1599697263297846e-01  +8.1987987479384972e-01  +5.0203151866160167e-01
q[7]: +4.7858587748486295e-02  +9.5087595659491919e-01  +9.2252624615743817e-01

