deg: 11
dim: 2
nodes: 28
efficiency: 0.928571

q[0]:  1.8199547124214042e-02  5.3385440593891449e-02  5.2799581643327397e-02  
q[1]:  5.5182156078373602e-02  1.8431158829868580e-01  1.8509030026195530e-01  
q[2]:  1.9669415020750987e-02  1.8072842492608352e-02  2.8220517081592611e-01  
q[3]:  5.8877905694056834e-02  1.0784242724337643e-01  4.9671294281475276e-01  
q[4]:  2.0302468114215159e-02  1.9046515064397002e-02  7.1639029529036768e-01  
q[5]:  1.6565417489330887e-02  5.0435938910154549e-02  9.5014729981818780e-01  
q[6]:  2.0206042215820192e-02  2.8487236415994999e-01  1.9055338246144762e-02  
q[7]:  3.4203342278515833e-02  4.2003223929222455e-01  4.2757697564858821e-01  
q[8]:  5.3372537253510863e-02  3.4507703739529588e-01  3.4870382760308710e-01  
q[9]:  4.5952206045795592e-02  3.0341511501964791e-01  6.3933286695307134e-01  
q[10]: 4.9756839962490279e-02  1.7285851985626075e-01  8.2774637974748955e-01  
q[11]: 5.8841156428996379e-02  4.9702244661925188e-01  1.1018027930670433e-01  
q[12]: 3.1370331470719708e-02  3.8899992069310851e-01  7.0334122574460189e-01  
q[13]: 2.0557948503308839e-02  2.8642761068332828e-01  9.8056826368472527e-01  
q[14]: 2.0559031223172396e-02  7.1357175732134592e-01  1.9433706134624511e-02  
q[15]: 3.0514540447787161e-02  6.1104558863874237e-01  2.9533381401551240e-01  
q[16]: 2.3884988935704353e-03  6.1548329956544223e-01  3.7345848035287316e-01  
q[17]: 5.8863609082934289e-02  5.0293034806220649e-01  8.8978975936299787e-01  
q[18]: 4.9774518055194047e-02  8.2709348814844907e-01  1.7230258741772747e-01  
q[19]: 4.5121268952470837e-02  6.9734190865164980e-01  3.6063631687790726e-01  
q[20]: 5.8865300199569121e-02  8.9217868568225067e-01  5.0332201314492198e-01  
q[21]: 7.8546077061979941e-02  6.3224924890545864e-01  6.2783346260210215e-01  
q[22]: 2.0210890837722744e-02  7.1510043631795051e-01  9.8093868618110447e-01  
q[23]: 1.6571774695119768e-02  9.4955303985761974e-01  4.9863682966287293e-02  
q[24]: 2.0302960887986797e-02  9.8095258663097051e-01  2.8361006726501292e-01  
q[25]: 1.9665454463401649e-02  9.8193239238205576e-01  7.1781953442379576e-01  
q[26]: 5.7134637752908994e-02  8.1313718137496482e-01  8.1233007477039654e-01  
q[27]: 1.8424123766082656e-02  9.4625673348127159e-01  9.4684759619139414e-01  

