deg: 14
dim: 2
nodes: 42
q[0]:  6.5933328936996702e-03  1.2499211630484033e-02  7.9611398200292408e-02  
q[1]:  2.6502340614099638e-02  6.5765016351740438e-02  2.1780198976183771e-01  
q[2]:  1.0639749629354232e-02  9.3512827046653268e-03  3.9318017850125153e-01  
q[3]:  2.9796186008826404e-02  6.4841138856589833e-02  5.8471311722374741e-01  
q[4]:  2.9969743340195081e-02  2.0448484047246757e-01  6.8878750623432639e-01  
q[5]:  1.0597543074664073e-02  1.3973005451384137e-02  7.6276000917813447e-01  
q[6]:  7.3894417123460295e-03  2.5548524069713644e-02  9.5626029084747877e-01  
q[7]:  5.5246280927990291e-03  7.0121256267201532e-02  9.6564911350054770e-03  
q[8]:  4.4908722377692480e-02  1.6590969243968065e-01  4.0278112884990824e-01  
q[9]:  2.6049729369852392e-02  1.0536862366431587e-01  8.6141390369650084e-01  
q[10]: 7.2452674327606091e-03  1.4536896657799417e-01  9.9124064655054533e-01  
q[11]: 2.6061245128965484e-02  1.7185190111851364e-01  8.0579691505163864e-02  
q[12]: 4.3438621695329027e-02  2.9038756283560302e-01  2.2737243057905071e-01  
q[13]: 1.9984325608925615e-02  2.4271455671683903e-01  7.4710407092158360e-01  
q[14]: 2.9301410858772178e-02  2.9241616730315684e-01  9.3201087048317388e-01  
q[15]: 1.3638698466251650e-02  3.3146523306361425e-01  1.7509019225735480e-02  
q[16]: 3.4675366874980004e-02  4.5267696736336160e-01  1.2135029409021224e-01  
q[17]: 2.2349341460000203e-02  3.8412325426984917e-01  4.2212838492252225e-01  
q[18]: 4.8741929358865552e-02  3.6157394866017151e-01  5.5129927379343791e-01  
q[19]: 4.9871183669898574e-02  4.5363519354160053e-01  8.0711140125778114e-01  
q[20]: 1.2581978494710152e-02  4.8432525068520160e-01  9.8680055883447060e-01  
q[21]: 1.8426731779202187e-02  5.8929747675024780e-01  3.4902464358288275e-02  
q[22]: 5.3822723236680074e-02  5.3921901929075677e-01  3.2749269399566089e-01  
q[23]: 5.2967732686216705e-02  5.9344895596550129e-01  6.2763581324115303e-01  
q[24]: 3.3204485587834578e-02  6.4757290885472441e-01  9.1654930123671341e-01  
q[25]: 2.7989529948667137e-02  6.9581110113222333e-01  1.4669451739173178e-01  
q[26]: 2.7076119569579598e-02  7.4573217748418985e-01  2.4782709046830306e-01  
q[27]: 2.7862297215051773e-02  6.9203629743810868e-01  4.6922849238251135e-01  
q[28]: 3.8326548062971151e-02  7.6000471859200280e-01  7.6435446588912315e-01  
q[29]: 7.5452161086441870e-03  7.7532682613463011e-01  1.0871475549227207e-02  
q[30]: 2.1277093589198656e-02  8.6605025627379162e-01  8.2699835890765475e-02  
q[31]: 3.9169254845567540e-02  8.2454070276745339e-01  4.6426405530874854e-01  
q[32]: 2.3583450128816606e-02  8.9562998932365989e-01  8.8013353197897515e-01  
q[33]: 1.1265197234279652e-02  8.0547139493969633e-01  9.8349137103929807e-01  
q[34]: 5.6081331416236724e-03  9.6245447072993684e-01  2.0892586522299146e-02  
q[35]: 9.0252641132762233e-03  9.8456403476572152e-01  1.4312424456422998e-01  
q[36]: 2.9447392748982077e-02  9.1550963075393177e-01  2.7358244909428109e-01  
q[37]: 1.2636035731349417e-02  9.8561269551170394e-01  4.3010111059426021e-01  
q[38]: 2.6876405730027610e-02  9.3903117508955281e-01  6.2881292549840173e-01  
q[39]: 1.2603778727859992e-02  8.4555577349978595e-01  6.8476727044389440e-01  
q[40]: 8.6292414531631972e-03  9.9037303191776338e-01  7.9942888031216197e-01  
q[41]: 6.7965821980198937e-03  9.6888275941476054e-01  9.6831739081191892e-01  

