deg: 4
dim: 2
nodes: 6
q[0]: 1.4176502670260457e-01  5.7964112493694049e-02  3.7591803748137337e-01  
q[1]: 1.4491102664671129e-01  2.1554292549418497e-01  9.0209049617543657e-01  
q[2]: 1.4172113693966260e-01  3.7650245045614861e-01  5.7871865806328408e-02  
q[3]: 2.9543340122476658e-01  5.5097060473026283e-01  5.6420170044169315e-01  
q[4]: 1.5344152989702978e-01  8.9572090821518213e-01  2.2226897111084529e-01  
q[5]: 1.2272787858922524e-01  8.7163494609036207e-01  8.7179967376839029e-01  

