deg: 12
dim: 2
nodes: 32
q[0]:  9.2716476363797918e-03  1.4164955734503042e-02  8.8057626436008798e-02  
q[1]:  3.8869292177143591e-02  9.1601673474579828e-02  2.2944129231343141e-01  
q[2]:  1.8899905008122466e-02  1.8287368979741654e-02  4.3262656479915412e-01  
q[3]:  1.4170131418443928e-02  1.7270795007894510e-02  8.0228589416541018e-01  
q[4]:  1.1104210199354578e-02  4.9888942112501326e-02  9.6680900844649176e-01  
q[5]:  9.8613843884940797e-03  1.0074031445318807e-01  1.4165298557939585e-02  
q[6]:  4.6878775333532505e-02  1.0211654239074866e-01  6.3352753578229615e-01  
q[7]:  3.8379044111430359e-02  1.7443862086805556e-01  8.7851507262694062e-01  
q[8]:  1.2306478907923687e-02  2.7911376462522702e-01  9.8865026691394919e-01  
q[9]:  3.9771122619423505e-02  2.4950307775256378e-01  9.0524247745916178e-02  
q[10]: 6.1132264861334162e-02  2.3641701146401714e-01  4.0086113679383256e-01  
q[11]: 2.1226308321430656e-02  2.8674885458992427e-01  5.6343018467686345e-01  
q[12]: 6.3935732981419316e-02  3.5644680598670814e-01  7.4590995908908497e-01  
q[13]: 1.8611632619012188e-02  4.5629871672971223e-01  1.7715199936861339e-02  
q[14]: 6.1732411602936292e-02  4.3226429329577892e-01  2.2874909452241621e-01  
q[15]: 6.8836445696789123e-02  5.1427394224960998e-01  5.1402502233868519e-01  
q[16]: 3.6502027446644408e-02  4.8411826751869963e-01  9.3468517648306260e-01  
q[17]: 4.4379263107933935e-02  6.6320431509470723e-01  9.5426363876176534e-02  
q[18]: 2.4953104257525695e-02  6.1481783056608208e-01  2.8475471447193251e-01  
q[19]: 3.7812874121246856e-02  6.6547689201486704e-01  6.5295024584178263e-01  
q[20]: 4.3410433790058579e-02  6.4853791393009363e-01  8.2613785103834381e-01  
q[21]: 1.2395586644396106e-02  8.2912532128931871e-01  1.5016305003024866e-02  
q[22]: 3.7646114602381771e-02  8.8747591791610203e-01  1.8032608680021386e-01  
q[23]: 6.0232180001560297e-02  7.6452505892709610e-01  3.7201594838522434e-01  
q[24]: 3.9793587626393408e-02  8.3881857658927805e-01  6.6240030892755364e-01  
q[25]: 3.1026191905954001e-02  8.6693068514971494e-01  8.8047948709336910e-01  
q[26]: 1.5693588921749553e-02  7.3725843332344665e-01  9.8409990523555657e-01  
q[27]: 1.0259390225384661e-02  9.7259126354015690e-01  5.4791506110418803e-02  
q[28]: 1.2580269435626285e-02  9.8759885885679033e-01  3.0176654489567534e-01  
q[29]: 3.3391660408385565e-02  9.3914642931770465e-01  5.0607307510047206e-01  
q[30]: 1.5656915263803979e-02  9.8284797091512421e-01  7.6255761663955401e-01  
q[31]: 9.2800243577846678e-03  9.6194487340205914e-01  9.6565816028917717e-01  

