deg: 5
dim: 2
nodes: 8
efficiency: 0.875

q[0]: 1.4795015662478972e-01  1.6038621814780082e-01  1.5649481443596780e-01  
q[1]: 8.3705854025707821e-02  4.3462937932297635e-02  6.5782029112862572e-01  
q[2]: 4.3462937932297635e-02  1.5843497446934629e-01  8.4156502553331980e-01  
q[3]: 1.0375537752657707e-01  6.8836742731080658e-01  5.5195497255658060e-02  
q[4]: 2.8571428571428570e-01  5.0000000000000000e-01  5.0000000000000000e-01  
q[5]: 8.3705854025175663e-02  3.4217970887136434e-01  9.5653706206769895e-01  
q[6]: 1.0375537752638302e-01  9.4480450274462302e-01  3.1163257268985700e-01  
q[7]: 1.4795015662478331e-01  8.4350518556383847e-01  8.3961378185239521e-01  

