deg: 5
dim: 2
nodes: 8
q[0]: 4.5918367346938771e-02  5.9041448155897389e-02  5.9041448155905729e-02  
q[1]: 2.0408163265306375e-01  1.5843497446801710e-01  5.0000000000000278e-01  
q[2]: 4.5918367346938778e-02  5.9041448155900268e-02  9.4095855184409716e-01  
q[3]: 2.0408163265305868e-01  4.9999999999999722e-01  1.5843497446800969e-01  
q[4]: 2.0408163265305870e-01  5.0000000000000278e-01  8.4156502553199031e-01  
q[5]: 4.5918367346938778e-02  9.4095855184409971e-01  5.9041448155902884e-02  
q[6]: 2.0408163265306375e-01  8.4156502553198287e-01  4.9999999999999722e-01  
q[7]: 4.5918367346938771e-02  9.4095855184410260e-01  9.4095855184409427e-01  

