deg: 7
dim: 2
nodes: 14
efficiency: 0.857143

q[0]:  3.9176986171097251e-02  7.0665207397462765e-02  8.5438397004114208e-02  
q[1]:  6.5393201118592023e-02  8.5273118270148565e-02  3.7842458492726649e-01  
q[2]:  4.5606508818292459e-02  3.4174758510654102e-02  7.5624414955026242e-01  
q[3]:  4.4307268766628001e-02  1.6784042465028909e-01  9.6062206273699835e-01  
q[4]:  7.8207396989518840e-02  3.8240876582349465e-01  7.3443003966059212e-02  
q[5]:  9.1919038720643567e-02  2.7756923273008483e-01  3.9240504449227448e-01  
q[6]:  1.3524365615564460e-01  3.5645682256363193e-01  7.1518408957901225e-01  
q[7]:  1.3232302510405403e-01  6.4260002186873899e-01  2.8039435177726307e-01  
q[8]:  9.1949171541536090e-02  7.1991826721724061e-01  5.9324128812882593e-01  
q[9]:  8.0478745232398299e-02  6.1941082048323992e-01  9.2400604672339781e-01  
q[10]: 4.4748039529444117e-02  8.3517829554917677e-01  4.0759623987971505e-02  
q[11]: 4.5843679893255766e-02  9.6673171734220475e-01  2.5010816692750054e-01  
q[12]: 6.7172478720020551e-02  9.1194739947933745e-01  6.3267540941314271e-01  
q[13]: 3.7630803238874230e-02  9.3023631766453807e-01  9.1720365963985051e-01  

