efficiency: 0.95
deg: 9
dim: 2
nodes: 20
q[0]:  +2.3419729297751362e-02  +2.4496276822660572e-02  +1.3559291709169197e-01
q[1]:  +8.6141029564921617e-02  +1.3272493753511772e-01  +3.7282317407776100e-01
q[2]:  +3.0069654757636070e-02  +1.9438175528201311e-02  +6.3907430475767901e-01
q[3]:  +2.6876302950683037e-02  +6.6288826369455253e-02  +9.3907789885505411e-01
q[4]:  +2.6279425620405257e-02  +1.6552497909113850e-01  +2.6133529508739217e-02
q[5]:  +1.0438565328837730e-01  +4.0069022652518560e-01  +5.6694891215627252e-01
q[6]:  +3.8956947846677734e-02  +6.1324044331885352e-01  +3.3892234802119177e-02
q[7]:  +9.3328484699146660e-02  +3.6827018171546655e-01  +1.6852113976284727e-01
q[8]:  +9.7612305210084613e-02  +6.5632733839083479e-01  +3.6312846314590508e-01
q[9]:  +7.7627456522963156e-02  +2.0901202760661394e-01  +7.7890789943413996e-01
q[10]: +3.8574764818019143e-02  +3.8041975573682363e-01  +9.6779721983115430e-01
q[11]: +1.8556255107098196e-02  +9.4741653423729333e-01  +5.1667610199615299e-02
q[12]: +5.8532438675639412e-02  +8.3069029383556725e-01  +1.8121418170371884e-01
q[13]: +8.6269906015873463e-02  +8.6571403784602197e-01  +6.2970256491658072e-01
q[14]: +2.3404386475726346e-02  +9.7553034504144487e-01  +8.6442814680008029e-01
q[15]: +9.2901537927196881e-02  +6.2885888723183903e-01  +8.3439801858817930e-01
q[16]: +2.5769427558933085e-03  +8.3432673970822779e-01  +3.1747928343132385e-02
q[17]: +3.0478788942621519e-02  +9.7971012283461278e-01  +3.6532970343553034e-01
q[18]: +1.7786802203220754e-02  +5.7295692274502252e-01  +5.4538702660892591e-01
q[19]: +2.6221187320064201e-02  +8.3453691040239131e-01  +9.7396440183347799e-01

