efficiency: 0.921053
deg: 13
dim: 2
nodes: 38
q[0]:  +9.3637936176161878e-03  +3.8213925255575529e-02  +3.7060579598049433e-02
q[1]:  +1.1186824300519458e-02  +1.2294233621449826e-02  +2.1628767746025251e-01
q[2]:  +2.5595109798623145e-02  +3.8458824852055123e-02  +4.8866548056316123e-01
q[3]:  +1.3474400349775404e-02  +1.6696706907875850e-02  +7.5949156226112857e-01
q[4]:  +1.3119056481513883e-02  +2.2067091065534805e-01  +1.7040977035196813e-02
q[5]:  +2.5848810631333402e-02  +1.2432460056387060e-01  +1.2930935395669502e-01
q[6]:  +3.0701732559427278e-02  +1.1953956471143411e-01  +3.1849299532135883e-01
q[7]:  +4.0466215346173756e-02  +1.4181674598803309e-01  +6.5351379875694282e-01
q[8]:  +2.7021473859426388e-02  +1.2062444392353933e-01  +8.6451614899633533e-01
q[9]:  +9.3819694957050590e-03  +3.3925632546298524e-02  +9.5822253323276507e-01
q[10]: +4.0075206612839726e-02  +3.3375313973900134e-01  +1.3007751430513911e-01
q[11]: +3.9958052703159726e-02  +2.6378280741048798e-01  +3.4520961827879060e-01
q[12]: +4.1694661218896846e-02  +2.8886807413972193e-01  +5.3634290288147823e-01
q[13]: +3.3754691563345589e-02  +3.2795637681662271e-01  +7.5566158385112026e-01
q[14]: +3.0473366048599137e-02  +3.1737971542296728e-01  +9.0010245091382124e-01
q[15]: +1.0441942327654686e-02  +1.9803258980295049e-01  +9.8889007362297376e-01
q[16]: +2.2811226646738895e-02  +5.0200667582359315e-01  +3.2261968826187086e-02
q[17]: +4.6449239656679769e-02  +4.8462251289725061e-01  +2.6446041369503004e-01
q[18]: +5.4778179228826961e-02  +5.0159656982569534e-01  +4.9708085495455073e-01
q[19]: +4.7124771191660246e-02  +5.1233152477998045e-01  +7.3257446167314810e-01
q[20]: +2.2893277964251255e-02  +4.9687178796301806e-01  +9.6761172061436806e-01
q[21]: +3.0591447356455501e-02  +6.8126812979777707e-01  +9.9585849120955250e-02
q[22]: +3.4436244064954970e-02  +6.7132590847932860e-01  +2.4656786558166516e-01
q[23]: +2.6101392643820699e-02  +7.0881561821728689e-01  +4.8875479677479677e-01
q[24]: +3.8799547059067831e-02  +7.3646878148102257e-01  +6.5804982815210056e-01
q[25]: +4.0400451506626647e-02  +6.6439402027904559e-01  +8.6933590279845985e-01
q[26]: +1.0435441511885652e-02  +8.0163177941475550e-01  +1.1058012316245092e-02
q[27]: +2.7279063740976384e-02  +8.7826606626387937e-01  +1.3593387024881537e-01
q[28]: +1.6955035919822035e-02  +7.2406981489388400e-01  +4.3389900252902464e-01
q[29]: +2.5923433928643932e-02  +8.7499573644393758e-01  +8.7116936138420853e-01
q[30]: +1.3171168383956948e-02  +7.7838888124075589e-01  +9.8292628536798476e-01
q[31]: +9.4576568671686026e-03  +9.6586443367839103e-01  +4.1900607150583198e-02
q[32]: +1.3479579100247526e-02  +9.8325565512441193e-01  +2.4006866893170209e-01
q[33]: +3.9694505315280265e-02  +8.5983674551603018e-01  +3.4724666077508576e-01
q[34]: +2.5352965523114491e-02  +9.6193901338164989e-01  +5.1160429175198097e-01
q[35]: +3.0750171583621023e-02  +8.8110862279738666e-01  +6.8134390121216903e-01
q[36]: +1.1194100273974479e-02  +9.8762237736330982e-01  +7.8457061600743161e-01
q[37]: +9.3637936176161861e-03  +9.6165852417923026e-01  +9.6307309435304256e-01

