efficiency: 0.857143
deg: 7
dim: 2
nodes: 14
q[0]:  +1.6761377889174443e-02  +3.1626567483763461e-02  +2.9581111961132851e-02
q[1]:  +7.3096121204154887e-02  +7.2132121748910288e-02  +4.0931206379637175e-01
q[2]:  +5.0736653537943564e-02  +5.0349330183041961e-02  +8.2290692055539838e-01
q[3]:  +7.2024180077492492e-02  +4.1516441690318995e-01  +7.2369672073196986e-02
q[4]:  +7.6460364814546364e-02  +2.0115378818015772e-01  +1.9670551520950252e-01
q[5]:  +1.6764910017106047e-01  +3.4552900298390460e-01  +6.4902772591900015e-01
q[6]:  +4.2213203510402884e-02  +2.3449455037338848e-01  +9.7231129108660241e-01
q[7]:  +1.6690392776935792e-02  +4.8861740572946388e-01  +3.5793283069138415e-01
q[8]:  +1.5903026220566879e-01  +6.5909795605382238e-01  +3.4969766550804737e-01
q[9]:  +1.0722474889963393e-01  +6.4802418620705593e-01  +8.9190408058947646e-01
q[10]: +5.0573753134358294e-02  +8.2239629448438167e-01  +5.0449696928008339e-02
q[11]: +4.1789899481629852e-02  +9.7268375498919846e-01  +2.3243657389096389e-01
q[12]: +1.0509248585326519e-01  +8.9492675636766572e-01  +6.5077819064930742e-01
q[13]: +2.0657456443733051e-02  +9.5791706796871778e-01  +9.6091745345292279e-01

