deg: 9
dim: 2
nodes: 20
q[0]:  2.1980966696128538e-02  1.0720233876801667e-01  3.4262711143422567e-02  
q[1]:  4.9021503022857252e-02  4.9080643735345077e-02  5.4990938001003564e-01  
q[2]:  9.2059395130166907e-02  2.3748562806965748e-01  7.3631007962603789e-01  
q[3]:  2.9864421573752610e-02  4.6897011459391881e-02  8.9533356270232689e-01  
q[4]:  2.4020213844581792e-02  2.6951674023165197e-02  1.7829065240871647e-01  
q[5]:  9.4774161949724767e-02  2.1109803451266171e-01  3.0941617368610835e-01  
q[6]:  1.9366092381135663e-02  2.1621880302166885e-01  9.8989983071934895e-01  
q[7]:  5.4200298441501420e-02  3.6884155450167899e-01  7.4005548059942125e-02  
q[8]:  5.9548582984015073e-02  5.7029882941020205e-01  1.9103390392964800e-01  
q[9]:  1.2703089616489088e-01  4.9442830482777439e-01  5.0828052908822752e-01  
q[10]: 6.9154257706921532e-02  4.8446567501774107e-01  9.0127384077392603e-01  
q[11]: 2.1741264820686477e-02  7.5444877810347499e-01  9.7941837658129349e-01  
q[12]: 5.8350354889763693e-02  7.6921938978975313e-01  2.2719221739239534e-01  
q[13]: 2.1656542657403560e-02  7.1146519532392982e-01  1.0100169280704792e-02  
q[14]: 6.0489428652818575e-02  8.4169998282470027e-01  4.5758889343135672e-01  
q[15]: 8.6411310481818285e-02  7.4161685715082060e-01  7.4693692293614866e-01  
q[16]: 3.0445228619194291e-02  9.3894224060286113e-01  8.2552314402300889e-02  
q[17]: 2.3021068037763406e-02  9.7751152772735328e-01  3.5224743984019319e-01  
q[18]: 3.0692688520486438e-02  9.5853342458206248e-01  6.8418997204451804e-01  
q[19]: 2.6171323424388798e-02  9.4256293352787679e-01  9.2059817464025107e-01  

