efficiency: 0.916667
deg: 10
dim: 2
nodes: 24
q[0]:  +1.5338004168377418e-02  +3.3797647649401047e-02  +6.7709423656901441e-02
q[1]:  +2.0059152527483335e-02  +1.9041130094204550e-02  +3.5849428659632793e-01
q[2]:  +5.0461375084466610e-02  +7.9751606229118990e-02  +5.9571942348235207e-01
q[3]:  +1.5533269644893259e-02  +1.4035124017545140e-02  +8.6133384649265476e-01
q[4]:  +1.7840825115672865e-02  +2.1395773291168380e-01  +1.5000921118879330e-02
q[5]:  +4.7069329712034730e-02  +1.3823299053153817e-01  +1.9874461618319303e-01
q[6]:  +6.8014560445961311e-02  +2.6482969740519868e-01  +3.7103090669587768e-01
q[7]:  +5.8093842731158460e-02  +2.0082512271828420e-01  +7.9873209257538125e-01
q[8]:  +1.6932669214630190e-02  +1.1058939094379994e-01  +9.7774985966639338e-01
q[9]:  +6.7303749836943608e-02  +4.2899758074113048e-01  +1.1173240272208357e-01
q[10]: +7.8103017664423888e-02  +3.8442243990885949e-01  +5.7951654588026258e-01
q[11]: +4.5695798589335770e-02  +3.8694114858283235e-01  +9.3475378413568055e-01
q[12]: +2.3770839655491198e-02  +6.7905611363112017e-01  +1.9093619222661930e-02
q[13]: +9.1129686581456593e-02  +6.0550541270538161e-01  +3.3283910472096162e-01
q[14]: +3.9795475284064345e-02  +6.8778491081168114e-01  +6.1054812106234024e-01
q[15]: +6.7237410056452535e-02  +5.7441127814486925e-01  +7.7098834046997411e-01
q[16]: +5.6325977602141836e-02  +8.1366857375124946e-01  +1.6801255345611651e-01
q[17]: +6.6511122605271075e-02  +8.5878617063175222e-01  +5.2007284319129954e-01
q[18]: +4.7949262207140145e-02  +8.2040565651131370e-01  +8.5783503385491655e-01
q[19]: +2.1319116958207804e-02  +6.7224070801661029e-01  +9.8063699545790106e-01
q[20]: +1.7673619406507766e-02  +9.4965787922876443e-01  +5.0846394899561449e-02
q[21]: +2.7794019241100365e-02  +9.7263481631153881e-01  +3.1291420206900639e-01
q[22]: +2.5540771938041124e-02  +9.7402497025051549e-01  +7.2385811923466659e-01
q[23]: +1.4507103728743852e-02  +9.4954929825480261e-01  +9.5955133096941236e-01

