efficiency: 0.9375
deg: 8
dim: 2
nodes: 16
q[0]:  +4.8755043366250736e-02  +3.5463196586987850e-02  +4.7567440506177933e-01
q[1]:  +1.1907581623122844e-01  +2.4404690294655737e-01  +6.7710198653994891e-01
q[2]:  +1.8330495100100239e-02  +4.5596880717200167e-01  +5.2408982806702598e-01
q[3]:  +4.2320869950566241e-02  +6.0946563910026112e-02  +8.8927130144618016e-01
q[4]:  +1.8288900763774259e-02  +3.6184826704392645e-02  +5.2772918767712194e-02
q[5]:  +8.8202337566834377e-02  +1.7394404207405134e-01  +2.0994929315255237e-01
q[6]:  +1.0813677824963633e-01  +5.8024205964511444e-01  +8.4574471581531163e-01
q[7]:  +3.2868958926632323e-02  +3.1032704811710965e-01  +9.8353741964109176e-01
q[8]:  +1.3367871886590660e-01  +4.8465843462588587e-01  +3.6937239902395663e-01
q[9]:  +3.5322217021887425e-02  +8.5660482656157888e-01  +9.6191351658883328e-01
q[10]: +4.4963614872903915e-02  +3.8171678882185905e-01  +3.2030436986823264e-02
q[11]: +8.9419430244027071e-02  +7.1862784918128797e-01  +1.2591148313454142e-01
q[12]: +1.1783472384895663e-01  +8.0230921177362657e-01  +5.7592420245805709e-01
q[13]: +1.5831691571832257e-02  +9.3739333455214946e-01  +1.9291707683023740e-02
q[14]: +5.4420179834801588e-02  +9.4944822489598379e-01  +2.9316838649624394e-01
q[15]: +3.2550223584661649e-02  +9.7713200896679908e-01  +7.8329580368313934e-01

