deg: 6
dim: 2
nodes: 10
efficiency: 1

q[0]: 4.8915761972003938e-02  7.8990602616444666e-02  7.8994979593356981e-02  
q[1]: 8.3194088573367755e-02  5.0149958419547683e-02  5.8135858577736932e-01  
q[2]: 6.1060683843770613e-02  1.4135035595000528e-01  9.3960947707469067e-01  
q[3]: 1.6818176940406251e-01  2.9176610866198854e-01  2.9230542715224933e-01  
q[4]: 1.8225022013433023e-01  4.3868747184640833e-01  7.5372564679401710e-01  
q[5]: 8.3454537219399411e-02  5.8091698910987577e-01  5.0433927520942091e-02  
q[6]: 6.5040995179468084e-02  7.5162099272951410e-01  9.6057750942805198e-01  
q[7]: 6.0782156049553358e-02  9.3981617933677308e-01  1.4081499320265609e-01  
q[8]: 1.8207819264085809e-01  7.5431546164665286e-01  4.3794105701256947e-01  
q[9]: 6.5041594983186166e-02  9.6057870104346288e-01  7.5160494186685667e-01  

