efficiency: 0.833333
deg: 6
dim: 2
nodes: 12
q[0]:  +5.1469528315752272e-02  +1.2953805479564320e-01  +5.3727833414991613e-02
q[1]:  +5.3861070095337679e-02  +4.8909312280874140e-02  +3.5948404300007969e-01
q[2]:  +5.6825044438635654e-02  +6.8617100060153938e-02  +6.4840630595957494e-01
q[3]:  +5.0918854233714811e-02  +1.2329412155288787e-01  +9.4521326058120403e-01
q[4]:  +1.5895070148589099e-01  +3.6697516670576313e-01  +2.6651129217090636e-01
q[5]:  +1.6439298071294342e-01  +3.7436354647212688e-01  +7.1890536416808604e-01
q[6]:  +7.6063150272103836e-02  +6.7623992262123522e-01  +5.0960153469161384e-02
q[7]:  +6.8284797411698975e-02  +6.8748126171463653e-01  +3.9059538361032464e-01
q[8]:  +8.3298750207793593e-02  +6.5375850487737086e-01  +9.4025044323764351e-01
q[9]:  +5.3842435919982855e-02  +9.6211289075771100e-01  +1.7462876288157536e-01
q[10]: +1.3536838954574096e-01  +8.2037140760372718e-01  +5.4838971869901332e-01
q[11]: +4.6724297360404912e-02  +9.6211148321708906e-01  +8.5278410975028474e-01

