deg: 10
dim: 2
nodes: 23
efficiency: 0.956522

q[0]:  1.7698860921063490e-02  1.2341021425319275e-01  2.1355512311927408e-02  
q[1]:  1.7136544229039524e-02  1.9001317032833615e-02  1.2953064767386885e-01  
q[2]:  6.4017040395742894e-02  1.0142610643079800e-01  3.5558036073629234e-01  
q[3]:  9.5761288251180687e-02  2.9118364839501876e-01  5.7307394780208665e-01  
q[4]:  2.3510329828070678e-02  1.6045820565700974e-02  6.1935000765950321e-01  
q[5]:  1.4685434545353331e-02  3.7540524523721197e-02  9.4743091234025067e-01  
q[6]:  6.9808065328088018e-02  2.8077670439848307e-01  1.5152201807157983e-01  
q[7]:  1.0142160543921942e-01  5.1181572059508362e-01  3.3998474758410885e-01  
q[8]:  5.5046873678438864e-02  1.3428926397425775e-01  8.0308373359712881e-01  
q[9]:  3.1285152140739327e-02  4.9641010108339229e-01  3.0961291840479719e-02  
q[10]: 2.8421036904910105e-02  2.7569646399156600e-01  9.7119288609105303e-01  
q[11]: 3.1648888815938810e-02  7.0786348623063478e-01  9.4079012849277666e-02  
q[12]: 3.6959718248356449e-02  4.7465534763032147e-01  7.8214689199574661e-01  
q[13]: 5.0602253380910900e-02  4.8235386389080576e-01  8.6189852656469268e-01  
q[14]: 1.6781590041390938e-02  9.0199784746359501e-01  2.4218240100788917e-02  
q[15]: 9.4996644823992435e-02  6.9576664009403177e-01  6.0879230244917126e-01  
q[16]: 3.0450604878667749e-02  6.9320298828360705e-01  9.6911122359207968e-01  
q[17]: 1.8991752742106623e-02  9.8071038161848534e-01  1.6354332565414254e-01  
q[18]: 4.9339477002908146e-02  7.6635253175455620e-01  2.0154029215034031e-01  
q[19]: 6.3017107527112010e-02  9.0111433830679388e-01  4.1099972291721976e-01  
q[20]: 2.1324596809778541e-02  9.8601337624284624e-01  6.6443639264955745e-01  
q[21]: 5.3107901357761139e-02  8.5830365504882933e-01  8.2288154223980126e-01  
q[22]: 1.3987232709229887e-02  9.5730004654451861e-01  9.5654999748121161e-01  

