deg: 8
dim: 2
nodes: 16
efficiency: 0.9375

q[0]:  3.1384097197582062e-02  5.6007008080422985e-02  8.0773996299160503e-02  
q[1]:  4.1639315236618790e-02  2.5424752425493920e-02  4.9799695761855955e-01  
q[2]:  3.1416429005356072e-02  5.5512286663731869e-02  9.1829702047332118e-01  
q[3]:  4.7480670785607609e-02  3.6557728553123520e-01  3.6198314609665327e-02  
q[4]:  9.4108498537593580e-02  1.9407418911208887e-01  2.7245118958865638e-01  
q[5]:  9.3412989903612423e-02  1.9213695835054231e-01  7.2560021022990695e-01  
q[6]:  4.7320995746826522e-02  3.6220434726195888e-01  9.6387110308695423e-01  
q[7]:  8.9074086907803232e-02  4.6392999456937828e-01  3.8389506844992455e-01  
q[8]:  8.6971478929613558e-02  4.5635501326093525e-01  6.1699815632246080e-01  
q[9]:  9.9598312435837735e-02  6.6473091186066735e-01  8.4192566078522557e-01  
q[10]: 9.8755552862678286e-02  6.6891219196070417e-01  1.5722832905203130e-01  
q[11]: 1.1256049141618053e-01  8.2981212798017001e-01  5.0247323485564876e-01  
q[12]: 2.4549350745475994e-02  8.8385354002162342e-01  2.3748754479750975e-02  
q[13]: 3.8621748866971464e-02  9.6832853584165635e-01  2.3562496012023920e-01  
q[14]: 3.8215386635961524e-02  9.6866174359743573e-01  7.6799568713520061e-01  
q[15]: 2.4890594786280633e-02  8.8115462049859616e-01  9.7625454004026702e-01  

