deg: 14
dim: 2
nodes: 42
efficiency: 0.952381

q[0]:  5.5808148623625155e-03  2.7030857915937147e-02  2.9335804212167433e-02  
q[1]:  8.7412586410997029e-03  1.0298158953085555e-02  2.0102815523930381e-01  
q[2]:  2.6728885343680033e-02  8.0690790878869059e-02  3.3029799973080110e-01  
q[3]:  1.5532880720569277e-02  2.3747528062784233e-02  4.9288676197160547e-01  
q[4]:  3.7204752830061409e-02  1.2273436542149699e-01  6.1934278595287406e-01  
q[5]:  1.1214936339381887e-02  1.6846722044917533e-02  7.4142377429919482e-01  
q[6]:  2.1027795286219522e-02  8.1291038832196072e-02  8.5703632223585824e-01  
q[7]:  5.8261530112840689e-03  1.8275086387253264e-02  9.5598910965068862e-01  
q[8]:  9.4644894761928538e-03  1.8694537537369485e-01  1.2652488123542858e-02  
q[9]:  1.9042910085722245e-02  9.3401479742997298e-02  1.0231580365735304e-01  
q[10]: 4.0673596742328989e-02  2.3269608280667936e-01  4.1419071008726277e-01  
q[11]: 3.0616965410392105e-02  2.3651065220512293e-01  7.4276036780776489e-01  
q[12]: 8.4465807600382359e-03  1.2836627354767063e-01  9.8543584542684426e-01  
q[13]: 2.8261511396601574e-02  3.2724954161729075e-01  8.1573662215904841e-02  
q[14]: 3.0707453929651192e-02  2.0677992965433264e-01  2.0491556397614727e-01  
q[15]: 2.6702193212906043e-02  2.4372492132056889e-01  9.0616788697974082e-01  
q[16]: 1.4793988318164213e-02  4.8541437961053319e-01  2.1159567164029901e-02  
q[17]: 4.7062262864712497e-02  4.2330096664154593e-01  2.5074098519906002e-01  
q[18]: 4.8184034460514953e-02  3.6501088118403491e-01  5.3441909531427545e-01  
q[19]: 4.2962394110540328e-02  4.1896989104023746e-01  7.6311070495379452e-01  
q[20]: 1.4365625266155705e-02  3.7870343062791362e-01  9.7853993511242510e-01  
q[21]: 4.0219312908539806e-02  6.1444060514485799e-01  1.2507923792173370e-01  
q[22]: 4.1288364938432055e-02  5.5411220688891039e-01  3.7947864137525122e-01  
q[23]: 5.2165327943075192e-02  5.9215312417387100e-01  6.1126439849232261e-01  
q[24]: 3.1357529466634441e-02  5.3162225550497666e-01  9.0479489259969381e-01  
q[25]: 1.1537573000899571e-02  6.6684087166160189e-01  9.8607733451960056e-01  
q[26]: 1.2597359620594287e-02  7.4009452059802028e-01  1.9994268213628485e-02  
q[27]: 3.3502218433533508e-02  7.7005228281867510e-01  2.3910047520209163e-01  
q[28]: 3.8329140388457188e-02  7.3552697589377025e-01  4.1401186456232852e-01  
q[29]: 3.5494874880214543e-02  8.0659613410066611e-01  6.6024002878987309e-01  
q[30]: 3.7277941895209901e-02  7.0082742612211935e-01  8.1233960228284441e-01  
q[31]: 2.2507877771383807e-02  8.3022782517874849e-01  9.3347470572324731e-01  
q[32]: 2.0306186599385451e-02  8.6432036368250342e-01  8.0877466485020047e-02  
q[33]: 2.2496964625307373e-02  9.1779736093344433e-01  2.3931198627588335e-01  
q[34]: 3.2600829661296092e-02  8.9449713692423560e-01  4.9524826696342272e-01  
q[35]: 5.0483879693781122e-03  9.4021900161358196e-01  9.8955360482119270e-01  
q[36]: 5.2256093759533084e-03  9.5560014046633335e-01  1.5127629345218128e-02  
q[37]: 7.7027528973786508e-03  9.8681334068031512e-01  1.1997088894791755e-01  
q[38]: 1.2950485307491235e-02  9.7966309964356635e-01  3.6914081720818398e-01  
q[39]: 1.3176486401694477e-02  9.8266524830889945e-01  6.3976770348379197e-01  
q[40]: 2.4698852472596136e-02  9.2515725703792784e-01  8.0036194542635064e-01  
q[41]: 6.3744403739654345e-03  9.8830227858048514e-01  9.1350596613919932e-01  

