deg: 13
dim: 2
nodes: 37
q[0]:  1.4470619792345115e-02  1.9052449611741486e-02  2.3677741357850873e-01  
q[1]:  2.0660177270172300e-02  3.0230934164300709e-02  5.2401546633563456e-01  
q[2]:  9.6002915894859379e-03  1.0790848055002217e-02  8.0109251607388321e-01  
q[3]:  9.5333944903872696e-03  4.0096631141753374e-02  9.6321066812567502e-01  
q[4]:  1.0431019860788211e-02  3.6657305632888909e-02  4.3586213157927760e-02  
q[5]:  3.1598326040512804e-02  1.3831402552915653e-01  1.4107121033569137e-01  
q[6]:  3.8888387240599051e-02  1.2405153924858102e-01  3.7461491883436610e-01  
q[7]:  2.7222265885760717e-02  1.0012334427291936e-01  6.9083440129297213e-01  
q[8]:  2.5349091399248545e-02  1.2890023647208201e-01  8.6695810101218918e-01  
q[9]:  1.2606487997815672e-02  2.1403451674728033e-01  9.8154904606837168e-01  
q[10]: 1.0483293004157485e-02  2.0235437422958791e-01  1.0788281605912730e-02  
q[11]: 3.2707274966175828e-02  3.5050996598288875e-01  9.0427654757719758e-02  
q[12]: 4.3806703548971600e-02  3.1668559411273189e-01  2.7188797135729320e-01  
q[13]: 3.3002806242573596e-02  2.8132631981622724e-01  4.6951207763520181e-01  
q[14]: 4.5235083323791801e-02  2.5003496926211244e-01  6.4652326258565063e-01  
q[15]: 3.6213913171027290e-02  3.2552854445403812e-01  8.7479041245080724e-01  
q[16]: 1.8823350048146479e-02  5.2000734977628738e-01  2.6941886738995544e-02  
q[17]: 4.7940561195536267e-02  5.3411838845125159e-01  2.5081119305220634e-01  
q[18]: 6.2853905865010343e-02  4.9999999999999678e-01  4.9999999999999933e-01  
q[19]: 4.7940561195535504e-02  4.6588161154875390e-01  7.4918880694779244e-01  
q[20]: 1.8823350048146746e-02  4.7999265022371701e-01  9.7305811326100389e-01  
q[21]: 3.6213913171027026e-02  6.7447145554596799e-01  1.2520958754919087e-01  
q[22]: 4.5235083323792044e-02  7.4996503073789167e-01  3.5347673741435254e-01  
q[23]: 3.3002806242573922e-02  7.1867368018377109e-01  5.3048792236479414e-01  
q[24]: 4.3806703548970871e-02  6.8331440588726855e-01  7.2811202864270863e-01  
q[25]: 3.2707274966175377e-02  6.4949003401711491e-01  9.0957234524227981e-01  
q[26]: 1.2606487997815510e-02  7.8596548325272453e-01  1.8450953931628194e-02  
q[27]: 2.5349091399247972e-02  8.7109976352792140e-01  1.3304189898781280e-01  
q[28]: 3.1598326040512499e-02  8.6168597447084483e-01  8.5892878966430852e-01  
q[29]: 1.0483293004157443e-02  7.9764562577041309e-01  9.8921171839408728e-01  
q[30]: 9.5333944903872730e-03  9.5990336885824723e-01  3.6789331874325731e-02  
q[31]: 9.6002915894857922e-03  9.8920915194499837e-01  1.9890748392612059e-01  
q[32]: 2.7222265885759950e-02  8.9987665572707987e-01  3.0916559870702698e-01  
q[33]: 2.0660177270172886e-02  9.6976906583569811e-01  4.7598453366436644e-01  
q[34]: 3.8888387240599516e-02  8.7594846075141630e-01  6.2538508116563418e-01  
q[35]: 1.4470619792345173e-02  9.8094755038825854e-01  7.6322258642149010e-01  
q[36]: 1.0431019860788164e-02  9.6334269436711140e-01  9.5641378684207212e-01  

