deg: 2
dim: 2
nodes: 3
q[0]: 2.5000417717408219e-01  1.4645054764009510e-01  1.4645054764060650e-01  
q[1]: 3.7499791141278688e-01  3.8214952617923004e-01  8.5355535973495544e-01  
q[2]: 3.7499791141313099e-01  8.5355535973456875e-01  3.8214952617893488e-01  

