deg: 15
dim: 2
nodes: 49
efficiency: 0.938776

q[0]:  6.9937691962223382e-03  3.3414912207091793e-02  3.2007731174980458e-02  
q[1]:  7.5746961662300676e-03  1.0179428820018981e-02  1.7516772244259729e-01  
q[2]:  2.5702060468940455e-02  6.1718757290428382e-02  3.2864118943042414e-01  
q[3]:  1.0432273478330534e-02  1.1088959933885001e-02  5.0775645357254473e-01  
q[4]:  2.7983282125565796e-02  7.2371877461782627e-02  6.6773737501243358e-01  
q[5]:  8.9339533340798884e-03  1.3547825047907964e-02  8.1537580339133464e-01  
q[6]:  6.9334521501287234e-03  3.1443046215616846e-02  9.6636246126382819e-01  
q[7]:  8.6216662824037116e-03  1.8222988871143239e-01  1.2884043418638283e-02  
q[8]:  2.3784688518838859e-02  1.1594313787752805e-01  1.1901012974639277e-01  
q[9]:  9.0434629748256026e-03  1.7751613469208521e-01  2.7679110205131807e-01  
q[10]: 3.8904408973832086e-02  1.7030181404177772e-01  4.8948158570568784e-01  
q[11]: 2.3551664262412474e-02  1.1833340520890284e-01  8.8481122408122748e-01  
q[12]: 7.4217012518036276e-03  1.7324585822346270e-01  9.9018327330959288e-01  
q[13]: 2.7485771673864349e-02  3.2864238434070653e-01  7.0799826657947817e-02  
q[14]: 3.6577591788117876e-02  2.5702911748259244e-01  2.3910486927186009e-01  
q[15]: 9.3549047303271623e-03  2.4612780203769652e-01  5.1356725232108724e-01  
q[16]: 3.7749249262956551e-02  2.3781411715416736e-01  7.4727541835095335e-01  
q[17]: 7.6772461566154450e-03  2.8403851744212383e-01  8.3573709895883397e-01  
q[18]: 2.5205171203527818e-02  3.2707392707626592e-01  9.3949838597516655e-01  
q[19]: 1.0483432971755831e-02  4.9199892641986109e-01  1.1228102559857159e-02  
q[20]: 6.7040716283948004e-03  4.5673665047426310e-01  2.3986903652564096e-01  
q[21]: 4.5507988400706648e-02  3.9521465246863924e-01  3.9101240404078913e-01  
q[22]: 4.4713209499255828e-02  3.8638566908386063e-01  6.1001165026809123e-01  
q[23]: 3.5262073583322243e-02  4.8921980438659329e-01  8.3452112390533717e-01  
q[24]: 3.8170400601439905e-02  5.0748708178555979e-01  1.6583393876886468e-01  
q[25]: 6.4406437091683406e-03  5.7408909771901806e-01  2.6467507026259302e-01  
q[26]: 4.1126308999904347e-02  6.0849849760074359e-01  3.9247904884272400e-01  
q[27]: 4.6128482959053203e-02  6.0463936667750295e-01  6.0982960847158485e-01  
q[28]: 1.2528844599790260e-02  5.0313402014907471e-01  7.7144713420270705e-01  
q[29]: 1.0490678617224232e-02  5.0815582419691308e-01  9.8874853025131126e-01  
q[30]: 2.5335814597014211e-02  6.7313830880381487e-01  6.0609333672892382e-02  
q[31]: 8.4463711117847822e-03  7.2033037293335445e-01  1.6967550670854198e-01  
q[32]: 3.6320878816610919e-02  7.6403473818622325e-01  2.5342904672901256e-01  
q[33]: 3.4109399938960894e-02  7.3854801495997435e-01  7.6176836340407683e-01  
q[34]: 2.7801737414462641e-02  6.6943062371502093e-01  9.2808623558107173e-01  
q[35]: 7.4082945562162564e-03  8.2694495095975018e-01  9.7774967774776293e-03  
q[36]: 2.3468858356660023e-02  8.8190761223170155e-01  1.1503021233274674e-01  
q[37]: 1.1554529961988967e-02  7.3827770513169988e-01  4.5633677524777372e-01  
q[38]: 1.1490725396470227e-02  8.0977281454802719e-01  7.3212329756912520e-01  
q[39]: 2.3781988006856655e-02  8.8406713367819945e-01  8.8097639704417674e-01  
q[40]: 8.8015060966010177e-03  8.1624049053316239e-01  9.8674396811809106e-01  
q[41]: 6.9215562958369259e-03  9.6863050521475724e-01  3.3648204701789107e-02  
q[42]: 8.9645541619902593e-03  9.8640229575362282e-01  1.8491689415098156e-01  
q[43]: 2.8049497701759692e-02  9.2746599936851082e-01  3.3276878658230091e-01  
q[44]: 1.0465303394887082e-02  9.8885963316369718e-01  4.9252769120108669e-01  
q[45]: 3.9585940917713398e-02  8.3098887051701764e-01  5.1566544450543816e-01  
q[46]: 2.5609485708797296e-02  9.3892020890896721e-01  6.7379901821442867e-01  
q[47]: 7.4033310761582195e-03  9.9019630817786541e-01  8.2656430689106208e-01  
q[48]: 6.9930769201916676e-03  9.6630563443080908e-01  9.6825567999281725e-01  

