efficiency: 0.833333
deg: 4
dim: 2
nodes: 6
q[0]: +1.5276715140416672e-01  +9.1259165622550653e-02  +2.5376788769164554e-01
q[1]: +1.1049538873886404e-01  +1.3207486371307153e-01  +8.9660365677284593e-01
q[2]: +1.3405653290834188e-01  +5.5480090237955859e-01  +4.6275654932506786e-02
q[3]: +3.0115129762323178e-01  +4.4945527997312906e-01  +5.9134872341086697e-01
q[4]: +1.6121258735433008e-01  +9.1728327907786167e-01  +3.2591316915019491e-01
q[5]: +1.4031704197106551e-01  +8.1143812076114297e-01  +8.9320396728891394e-01

