deg: 11
dim: 2
nodes: 28
q[0]:  1.3023399155562037e-02  4.1256930807552446e-02  4.5666724625260682e-02  
q[1]:  2.1120557646976363e-02  2.0091022203916387e-02  2.9672147556606920e-01  
q[2]:  2.2455750457474683e-02  2.2859362757473838e-02  7.0668509598390383e-01  
q[3]:  1.8682303506368052e-02  5.1868635224049942e-02  9.4403026074340690e-01  
q[4]:  1.9803530412043982e-02  2.7319349922342473e-01  1.8536702554400444e-02  
q[5]:  4.0270996617284983e-02  1.4362759456491328e-01  1.5177888796216091e-01  
q[6]:  2.7810863311872523e-02  3.3055879860656540e-01  4.1949315463173065e-01  
q[7]:  6.1470239664140572e-02  1.2145790644110920e-01  4.9911171478067001e-01  
q[8]:  5.8100862910784784e-02  1.9317926893979326e-01  8.1461043561305746e-01  
q[9]:  1.7982544536386872e-02  2.7385673326511173e-01  9.8508666415295887e-01  
q[10]: 5.7735805057351063e-02  5.0435345456037362e-01  9.9836754644555284e-02  
q[11]: 5.8164685077266326e-02  3.1116409184201144e-01  2.7114958293067570e-01  
q[12]: 7.5541853631253195e-02  3.8640870897278906e-01  6.4035728305742567e-01  
q[13]: 5.7741324912572972e-02  4.9566160861484126e-01  9.0015450725852830e-01  
q[14]: 1.7980960858745093e-02  7.2615441649988965e-01  1.4911268038899651e-02  
q[15]: 7.4811665895044829e-02  6.0345116828086520e-01  3.6912962771034524e-01  
q[16]: 5.8343095905385833e-02  6.8897112352775358e-01  7.2875577784526124e-01  
q[17]: 8.6172491603051394e-03  4.5369746056253629e-01  5.7328752255301951e-01  
q[18]: 1.8635887466760627e-02  9.4820648917308992e-01  5.5903577325030172e-02  
q[19]: 8.6172491943263662e-03  6.6655924503269182e-01  3.1141279578153053e-01  
q[20]: 2.7559205756730445e-02  6.6954887057077439e-01  5.7994932448549907e-01  
q[21]: 4.0236767980648673e-02  8.5648235244726612e-01  8.4833749609539499e-01  
q[22]: 1.9803158101872373e-02  7.2680633228113622e-01  9.8146401843699138e-01  
q[23]: 5.7431455465715472e-02  8.0753263670988706e-01  1.8474452538452424e-01  
q[24]: 2.2457887556239689e-02  9.7713774220413774e-01  2.9332449418658624e-01  
q[25]: 6.1473368859297502e-02  8.7853394388216166e-01  5.0090503507230444e-01  
q[26]: 2.1120594402119691e-02  9.7990879535288589e-01  7.0327929190173932e-01  
q[27]: 1.3006736499469906e-02  9.5877564001251936e-01  9.5436685384842190e-01  

