efficiency: 0.96875
deg: 12
dim: 2
nodes: 32
q[0]:  +1.0076979904419194e-02  +2.2874445509148543e-02  +6.2526290534279660e-02
q[1]:  +3.6986521487068526e-02  +9.9455734185296810e-02  +1.9768193357999272e-01
q[2]:  +1.6571822817427317e-02  +1.5448789484977866e-02  +3.6267820894142661e-01
q[3]:  +5.7747594781744620e-02  +1.9685083506957898e-01  +4.3836163068114697e-01
q[4]:  +3.8128370838578660e-02  +6.8881046515390537e-02  +6.1315368168248729e-01
q[5]:  +9.6440899559864374e-03  +7.9869062074684749e-03  +7.9982998739618238e-01
q[6]:  +1.1535876632150673e-02  +4.6942163938122880e-02  +9.6195411183693480e-01
q[7]:  +1.1939439478543061e-02  +1.5145005384194438e-01  +1.4688474161113881e-02
q[8]:  +3.8770367342407325e-02  +1.4985087637922906e-01  +8.5024935330071716e-01
q[9]:  +1.5389361859393630e-02  +2.4977800458380872e-01  +9.8152711977432094e-01
q[10]: +3.9740531133859287e-02  +2.9109688686308860e-01  +1.0596259960302755e-01
q[11]: +3.5069368418523351e-02  +3.3064129981982265e-01  +2.9414673963044197e-01
q[12]: +6.4322383734795971e-02  +3.1076431345105504e-01  +7.0381522070249958e-01
q[13]: +4.5116873715612953e-02  +4.4212675726828815e-01  +9.1058528409784423e-01
q[14]: +2.2431632528945686e-02  +4.7484406881917257e-01  +2.9597805247452327e-02
q[15]: +4.5201418296300061e-02  +4.8672048095673659e-01  +2.8859838508391783e-01
q[16]: +6.8166437092972085e-02  +4.9198254709872213e-01  +5.3818357403302375e-01
q[17]: +4.5273112723521483e-02  +6.2919496351298898e-01  +1.4622694659237112e-01
q[18]: +5.0838264748781253e-02  +7.3692659139723338e-01  +5.0915848834220434e-01
q[19]: +6.3685691683965498e-02  +6.3940009012628507e-01  +7.7462447162975556e-01
q[20]: +1.4816701458872535e-02  +6.4733789815202492e-01  +9.8832271654509896e-01
q[21]: +1.4343894368284758e-02  +7.5079385273186994e-01  +2.0309717535240142e-02
q[22]: +2.7634958266677910e-02  +8.5298478110149833e-01  +1.1773247146896228e-01
q[23]: +3.6460655191656012e-02  +7.3219103861744239e-01  +3.2982013872744204e-01
q[24]: +3.4193869470008291e-02  +8.2188998818321979e-01  +9.1143166692329458e-01
q[25]: +9.2970070414441792e-03  +9.5459853129983374e-01  +3.0783130123196216e-02
q[26]: +1.0666701957650243e-02  +9.8722375868243373e-01  +1.8043434783729467e-01
q[27]: +3.5583456382423967e-02  +9.0127726520671458e-01  +3.1518265723587019e-01
q[28]: +2.0921649757937841e-02  +9.7529553156812743e-01  +5.0357290730154802e-01
q[29]: +4.5604296522119489e-02  +8.7915156926624305e-01  +6.7751472022307646e-01
q[30]: +1.5599808833158240e-02  +9.7792252303711369e-01  +8.2617671171225271e-01
q[31]: +8.2408615747694737e-03  +9.5128849173651842e-01  +9.7805858049067418e-01

