deg: 7
dim: 2
nodes: 14
q[0]:  1.6761377944478812e-02  3.1626567654670347e-02  2.9581112125867250e-02  
q[1]:  7.3096122367679817e-02  7.2132123541045826e-02  4.0931206015345534e-01  
q[2]:  5.0736653219275146e-02  5.0349328857078678e-02  8.2290691802048332e-01  
q[3]:  7.2024181196502543e-02  4.1516441315535380e-01  7.2369673916961183e-02  
q[4]:  7.6460361940732080e-02  2.0115378800979780e-01  1.9670551478611853e-01  
q[5]:  1.6764910016330317e-01  3.4552900299754519e-01  6.4902772594603164e-01  
q[6]:  4.2213204037622250e-02  2.3449454800499314e-01  9.7231129038601660e-01  
q[7]:  1.6690392730938673e-02  4.8861740767584594e-01  3.5793283186289093e-01  
q[8]:  1.5903026211112517e-01  6.5909795605799293e-01  3.4969766544972564e-01  
q[9]:  1.0722474901096755e-01  6.4802418595905553e-01  8.9190408076587724e-01  
q[10]: 5.0573752812991590e-02  8.2239629182558793e-01  5.0449695553852175e-02  
q[11]: 4.1789900036303902e-02  9.7268375424446574e-01  2.3243657147975363e-01  
q[12]: 1.0509248598058701e-01  8.9492675651925668e-01  6.5077819036793372e-01  
q[13]: 2.0657456447492256e-02  9.5791706796637965e-01  9.6091745342939816e-01  

