deg: 3
dim: 6
nodes: 16
efficiency: 0.75

q[0]:  7.5598586948781313e-02  1.9803120048149597e-01  1.1960854099273405e-01  3.5496884658706612e-01  3.0553299350383811e-01  1.8796780453787176e-01  1.8247555783185715e-01  
q[1]:  5.2631249091926686e-02  1.8848051010676567e-01  4.5786652353009738e-01  2.2056565352015153e-01  8.3597306680010097e-01  8.1465444246934204e-01  2.2469977776691333e-01  
q[2]:  6.5827828060351506e-02  1.4892730105245267e-01  1.4252114472042438e-01  8.3428532247407416e-01  8.0883911166806732e-01  6.7516836970602423e-01  7.0440651341174920e-01  
q[3]:  4.0119249539208146e-02  2.6655368495636356e-01  7.7072138052590189e-01  2.6839163007149153e-01  3.3929244414590881e-01  3.1238900433432265e-01  2.9077975683688301e-01  
q[4]:  7.6477905301755605e-02  3.8688538196967792e-01  3.5901620810962948e-01  1.3713276772726532e-01  1.3212213154315461e-01  8.4543131935367044e-01  8.5034201223707462e-01  
q[5]:  6.3753127492527456e-02  1.8357696175496266e-01  8.5841678704308089e-01  2.0576651302698251e-01  8.2444430211252018e-01  2.6665187180216793e-01  7.7397743012619236e-01  
q[6]:  5.8476864660140022e-02  1.8262650136505543e-01  5.8806731626673003e-01  8.1592819155991503e-01  2.1223937782920987e-01  2.0173976052936157e-01  8.2620868230693412e-01  
q[7]:  6.7163701549603674e-02  1.9832017665443993e-01  8.6776519961312837e-01  7.7388368689636255e-01  2.6687773220428945e-01  8.4206325096051104e-01  2.2307873436120204e-01  
q[8]:  6.7816374565956822e-02  8.0070890081977153e-01  1.3341841125134923e-01  2.2699777689562942e-01  7.3237199003912878e-01  1.5903764107767318e-01  7.7603002574182112e-01  
q[9]:  5.7828388584510317e-02  8.1855541281333233e-01  4.1160471681039901e-01  1.8289527665478120e-01  7.8883225657249045e-01  7.9937097495232112e-01  1.7257650086560550e-01  
q[10]: 6.4504386140599640e-02  8.1518981759248943e-01  1.4298009918382862e-01  7.9308674742200791e-01  1.7682018044913375e-01  7.3243868199403195e-01  2.2709036388475370e-01  
q[11]: 7.6575134046528145e-02  6.1306672323815137e-01  6.4092409678173112e-01  8.6271358766889905e-01  8.6772210225826940e-01  1.5471494256665252e-01  1.4980632896017254e-01  
q[12]: 3.9259376725952998e-02  7.3513836261354648e-01  2.2731639765039430e-01  7.3328709584643748e-01  6.6187238396156844e-01  6.8897082320994918e-01  7.1073669718790888e-01  
q[13]: 6.5775518262479099e-02  8.5116574104108100e-01  8.5757359514738352e-01  1.6562608446148741e-01  1.9107903908076423e-01  3.2478520677005285e-01  2.9553931430428604e-01  
q[14]: 5.1929872307270183e-02  8.1291570735279495e-01  5.4232231696748845e-01  7.8068675965467038e-01  1.6252111582080289e-01  1.8393528934341055e-01  7.7653410643415055e-01  
q[15]: 7.6262436722408247e-02  8.0109005143954048e-01  8.7928449608795167e-01  6.4460910369238433e-01  6.9390109535351174e-01  8.1112416227202933e-01  8.1660042619687656e-01  

