deg: 2
dim: 6
nodes: 7
efficiency: 0.571429

q[0]: 1.6856398441416470e-01  6.1192988914884942e-02  2.3660720482204661e-01  7.8253059066891062e-01  4.3504236528319584e-01  6.8757195929813564e-01  3.2712676801954343e-01  
q[1]: 1.2938312806596225e-01  3.3404260234511068e-01  8.0979685332230100e-01  1.4641317634431006e-01  1.2112809370667878e-01  7.8042493762054199e-01  8.0004487667891300e-01  
q[2]: 1.5412164410314663e-01  2.6748078516802992e-01  6.2972754384147345e-01  4.8220437552396184e-01  9.0547486668861688e-01  1.3239995757560760e-01  7.9430315659292516e-01  
q[3]: 1.4316287998552241e-01  6.2487052338003080e-01  1.2614304787875974e-01  9.7090602610305513e-02  3.2664117433153256e-01  1.7433188787688039e-01  2.8800097390654095e-01  
q[4]: 1.3275093536838151e-01  9.3880701108511511e-01  2.0300335782586093e-01  7.4392213373675176e-01  5.2003677431052309e-01  6.8445183326601833e-01  9.1198067565362029e-01  
q[5]: 1.4426113015814060e-01  6.9817834484624819e-01  6.8592768279554306e-01  3.4104300457312986e-01  8.9964868726806246e-01  8.3246480150721502e-01  1.4650340461631153e-01  
q[6]: 1.2775629790468201e-01  7.0787305676638312e-01  8.9488552759316542e-01  8.8431351731810948e-01  2.0241446651984338e-01  2.0984345440056318e-01  2.7782981106988175e-01  

