deg: 1
dim: 6
nodes: 1
efficiency: 1

q[0]: 1.0000000000000000e+00  5.0000000000000000e-01  5.0000000000000000e-01  5.0000000000000000e-01  5.0000000000000000e-01  5.0000000000000000e-01  5.0000000000000000e-01  

