deg: 3
dim: 2
nodes: 4
q[0]: 4.9389546092181691e-01  -5.2824634008997629e-01  4.2908238077002181e-01  
q[1]: 6.9492518444712525e-01  3.6173386906436028e-01  4.4533311313533436e-01  
q[2]: 4.9389546092181696e-01  5.2824634008997629e-01  -4.2908238077002187e-01  
q[3]: 6.9492518444712470e-01  -3.6173386906436039e-01  -4.4533311313533497e-01  

