deg: 10
dim: 2
nodes: 25
q[0]:  1.3999183486129080e-01  -5.8223972331379159e-01  2.6520581686721384e-01  
q[1]:  8.1129509334851121e-02  -4.2986654792038276e-01  6.2096635571327286e-01  
q[2]:  1.8893776072439200e-01  -1.3841625632681379e-01  3.8394636220480827e-01  
q[3]:  1.0953688742642470e-01  -2.8392413421048181e-02  7.4751635494338775e-01  
q[4]:  2.1805560901240469e-02  -3.6386953615005609e-02  9.3816145636080273e-01  
q[5]:  1.5003313912004765e-01  3.2392312170339721e-01  4.6991151513306556e-01  
q[6]:  4.1413776450635945e-02  3.1424199460527058e-01  7.5795803715317456e-01  
q[7]:  7.5791943880466214e-02  6.7509878988830030e-01  4.0729244703566386e-01  
q[8]:  4.6558569850648324e-02  -8.3679835993324025e-01  3.2051236855207532e-01  
q[9]:  1.6460957011909583e-01  -1.6573524161529835e-01  -4.4869454768472407e-02  
q[10]: 1.8434974000622756e-01  2.7119309067220587e-01  7.0909349400652744e-02  
q[11]: 1.1328693788610740e-01  6.5575248418257659e-01  7.2054487771078188e-02  
q[12]: 1.4441312322944574e-01  4.3860384564321658e-01  -3.2713042687737925e-01  
q[13]: 2.7172835880369030e-02  8.8945887873878837e-01  2.5814182893994436e-01  
q[14]: 4.5317495884250089e-02  7.7887513305097567e-01  -1.2057751119363468e-01  
q[15]: 6.8547292184609449e-02  5.9937600406107883e-01  -5.3497834813371747e-01  
q[16]: 5.5073216242174802e-02  -8.0653404807966700e-01  -2.9067216489988088e-02  
q[17]: 1.2176715209542764e-01  -4.9082166366185359e-01  -1.1006982200681600e-01  
q[18]: 1.4604958780143384e-01  4.1452894277429486e-02  -3.6657446174804476e-01  
q[19]: 9.4724036117585689e-02  -5.9743771066246554e-01  -3.8521094293225644e-01  
q[20]: 1.1444384890405790e-01  1.9902082022082565e-01  -7.0043621954081936e-01  
q[21]: 1.3346431874938749e-01  -2.5638385753577020e-01  -5.5969868014276103e-01  
q[22]: 2.5960281545496049e-02  5.0867212454975608e-01  -7.7312722497842012e-01  
q[23]: 4.0117916491264387e-02  -2.6643127167966130e-01  -7.9210586708912178e-01  
q[24]: 4.3144955050953740e-02  -5.7078956723847996e-01  -6.9106889677387506e-01  

