deg: 4
dim: 2
nodes: 7
q[0]: 2.8950414059038715e-01  -4.6381814738360749e-01  5.9956885378182323e-01  
q[1]: 3.0908200715123640e-01  7.9008694838601495e-03  3.2072372352693412e-01  
q[2]: 2.8831731573729402e-01  4.4915579644459003e-01  6.0926450937615528e-01  
q[3]: 4.5235037208447593e-01  -5.2722249590583657e-02  -1.3415430570149092e-01  
q[4]: 3.9081184767235488e-01  6.6536946067660763e-01  -2.0769347097756519e-01  
q[5]: 3.4184021281138427e-01  -6.8999273473064993e-01  -2.2533193809610982e-01  
q[6]: 3.0573539469075117e-01  6.5997859350827026e-03  -7.5060909837424783e-01  

