deg: 7
dim: 2
nodes: 13
q[0]:  1.4085771421940241e-01  -5.8997413049070668e-01  4.8914335950273291e-01  
q[1]:  2.9893944324381216e-01  -1.0691276568388759e-01  4.0285683539480743e-01  
q[2]:  1.3774407484668375e-01  -9.6348285249343423e-03  8.2263332411384849e-01  
q[3]:  1.7184452104176709e-01  4.9626883538737632e-01  5.1791370796090719e-01  
q[4]:  3.0932237167390891e-01  -4.3584956363151178e-01  -8.5721255275339719e-02  
q[5]:  2.5117816709777857e-01  3.1055214025473793e-01  9.5894268946195349e-02  
q[6]:  7.3337378500364842e-02  8.5008098862928128e-01  2.0510215295140063e-01  
q[7]:  1.7646009975285001e-01  6.3635666988064155e-01  -1.3976297503409624e-01  
q[8]:  1.4240256764780287e-01  5.0962959415788123e-01  -6.3506067273605471e-01  
q[9]:  1.0459909857849625e-01  -8.2527368839885495e-01  8.1371593860564140e-02  
q[10]: 3.1735779349164678e-01  5.6392307423883098e-02  -4.0762506848335900e-01  
q[11]: 1.6392890935231724e-01  -5.2889167743372933e-01  -5.9320959062520595e-01  
q[12]: 8.9669151291053101e-02  -4.6357528856389746e-02  -7.9250169907479429e-01  

