deg: 14
dim: 2
nodes: 49
q[0]:  1.6039768210391093e-02  -7.1473107960701632e-01  4.6962951184645568e-01  
q[1]:  6.1247340209104023e-02  -4.9989327927426513e-01  4.9640717933897122e-01  
q[2]:  6.8246258890750630e-02  -2.9110906620546262e-01  3.9343800309458499e-01  
q[3]:  2.6133547432977692e-02  -3.6133306733841453e-01  7.0566093236470351e-01  
q[4]:  5.7045821008257371e-02  -1.5574035901357541e-01  5.8469461680234946e-01  
q[5]:  8.1702155316868655e-02  8.3025240437529013e-02  4.8366030645105745e-01  
q[6]:  4.4393698843464731e-02  -1.2647980466723130e-01  7.7693031174266669e-01  
q[7]:  6.4218950101682853e-02  3.4239043972963834e-01  5.0557086756768732e-01  
q[8]:  1.4196944547152431e-02  -6.3612993965423067e-02  9.2711507000794213e-01  
q[9]:  5.3945768563411454e-02  1.3132602372176425e-01  7.5445894160167681e-01  
q[10]: 6.2872651688717432e-02  5.7236167851502384e-01  3.4802670124917928e-01  
q[11]: 1.2828829334586388e-02  9.2908900596827410e-02  9.1649281735290145e-01  
q[12]: 2.3681759360709334e-02  3.4918441091627495e-01  7.0427680097931944e-01  
q[13]: 2.3775710891112821e-02  5.5708377700043432e-01  5.5865886241193152e-01  
q[14]: 3.3574865418361917e-02  7.7786600229161906e-01  3.6515186885785678e-01  
q[15]: 1.7379696198141403e-02  -8.9223490332586242e-01  2.8863600994653149e-01  
q[16]: 5.4834450529226871e-02  -7.3143698782220479e-01  2.7299347865589879e-01  
q[17]: 9.3729260763252234e-02  -5.0483054430155827e-01  1.6121184712351730e-01  
q[18]: 1.0909819916766797e-01  -1.0359325198289548e-01  1.8246413523489860e-01  
q[19]: 1.0328197652057639e-01  -2.9763790307751603e-01  -8.8365584039441211e-02  
q[20]: 9.1001633568160781e-02  2.3482321460180555e-01  2.0777716075701494e-01  
q[21]: 1.0025943447515777e-01  9.8141997690692095e-02  -1.0546445461444945e-01  
q[22]: 8.8775273206557953e-02  -6.5980982921007458e-02  -3.3517950602147456e-01  
q[23]: 6.4648957700907450e-02  4.6300446685625901e-01  1.1467670220190847e-01  
q[24]: 5.4729264348481133e-02  3.7141871520003777e-01  -1.2998641304482567e-01  
q[25]: 5.1093287691866350e-02  3.6961529850290986e-01  -3.2337665042267438e-01  
q[26]: 8.2777765287154109e-02  2.0712618703772359e-01  -4.9945058597054226e-01  
q[27]: 6.0435742205464806e-02  6.9951331071010914e-01  7.4583233311818459e-02  
q[28]: 5.7526722098050369e-02  5.8403308477163751e-01  -2.0039267790009585e-01  
q[29]: 5.8736496860154912e-02  5.3723078050396034e-01  -5.1470208828427355e-01  
q[30]: 4.4000214767114174e-03  9.2773005145662735e-01  3.1502386673192850e-01  
q[31]: 2.7131371072858852e-02  8.6033248763570058e-01  1.6299350651031178e-01  
q[32]: 2.5757868004577439e-02  7.6874855269079878e-01  -1.5462535046042192e-01  
q[33]: 1.9868625104508278e-02  6.9171876260510146e-01  -3.7612984603574429e-01  
q[34]: 1.6569170985793066e-02  6.1213494900156440e-01  -6.6575943120531444e-01  
q[35]: 2.2196717577347765e-02  -8.4245580361823558e-01  5.5007811272545469e-02  
q[36]: 4.8690343242631197e-02  -7.1254173400493914e-01  -3.9930262149942962e-02  
q[37]: 6.2918768382577095e-02  -5.6505084837886799e-01  -2.0924425019273346e-01  
q[38]: 5.9207779680337656e-02  -3.9718026362199993e-01  -3.9230584994310663e-01  
q[39]: 3.1823476301888531e-02  -7.0842766432243687e-01  -3.4862799578949688e-01  
q[40]: 5.4956575822325854e-02  -2.3394936158260193e-01  -5.3470870964961748e-01  
q[41]: 5.4862998184729485e-02  -5.3491165280649544e-01  -5.7262376153448247e-01  
q[42]: 5.4829877863803271e-02  3.3607702797463268e-01  -7.1425297282519307e-01  
q[43]: 6.1267984743824458e-02  -1.8568411265543247e-02  -6.6698037542068112e-01  
q[44]: 4.5973379625554721e-02  -3.0696385568219237e-01  -7.4147897732512957e-01  
q[45]: 1.3379728594065724e-02  -5.9974468115582935e-01  -7.0635897726461594e-01  
q[46]: 1.3105487769250143e-02  5.0706899588681653e-01  -7.8824243201832600e-01  
q[47]: 1.8890431037592050e-02  5.6385328872055364e-02  -8.0352381590663491e-01  
q[48]: 9.5984548291376606e-03  -4.9286985047648230e-01  -7.9687539670297680e-01  

