deg: 12
dim: 2
nodes: 35
q[0]:  3.1895996219827208e-02  -6.2463859880600836e-01  5.1845474815337766e-01  
q[1]:  6.8041330670707223e-02  -4.3736603891503384e-01  5.0602855336531394e-01  
q[2]:  5.0453489262356301e-02  -2.1868758218773360e-01  7.6134164668668780e-01  
q[3]:  1.0092252936704554e-01  -1.4983962128956999e-01  5.2487885475913709e-01  
q[4]:  1.1828107762706215e-01  1.9704470106746672e-01  4.3279421383412386e-01  
q[5]:  1.0201784824852504e-02  -1.2070075070435934e-01  8.9517124637938217e-01  
q[6]:  8.1668508949794091e-02  1.2237753749409606e-01  7.5177844214434131e-01  
q[7]:  6.7819206819000319e-02  4.7627637322298294e-01  4.8086714282965937e-01  
q[8]:  1.7114977191025751e-02  4.6770766673444930e-02  9.3413268079845668e-01  
q[9]:  2.6279147078912900e-02  4.4374547486177590e-01  6.6716225984265698e-01  
q[10]: 4.0692771642624602e-02  7.6167699521327159e-01  3.7147096692793186e-01  
q[11]: 2.3959253650777581e-02  -8.7860953483237447e-01  2.9726510963877129e-01  
q[12]: 7.7131704050143010e-02  -7.1993301715722191e-01  2.2671979076552062e-01  
q[13]: 1.2121745908991861e-01  -4.3651828897924971e-01  1.7778456453746466e-01  
q[14]: 1.3367557654470971e-01  -8.4804756913369334e-02  1.7103850361845591e-01  
q[15]: 1.1415222190025812e-01  1.4616877149738111e-02  -1.5304296852917781e-01  
q[16]: 1.3998824922728509e-01  3.3180318493989314e-01  6.1728911922128420e-02  
q[17]: 1.2371176149142274e-01  2.9420942537036548e-01  -3.6778215903992240e-01  
q[18]: 8.4317396313002321e-02  6.1494824915747148e-01  2.0801699651043268e-01  
q[19]: 1.0065927405249268e-01  6.0523824417890626e-01  -1.8394392645467622e-01  
q[20]: 7.8763277204227877e-02  4.3113558862769397e-01  -6.1485387914499556e-01  
q[21]: 1.3536389837390233e-02  9.0280037775772148e-01  2.7735104248327697e-01  
q[22]: 4.7202918346562553e-02  8.1299522826150339e-01  3.7701803171416498e-02  
q[23]: 4.0528367206263516e-02  6.7548425850559335e-01  -4.3909545686979840e-01  
q[24]: 2.3999575272615571e-02  5.4808201632434339e-01  -7.4970060452399323e-01  
q[25]: 1.2152367169790720e-01  -3.5148297192494743e-01  -2.0260096215792203e-01  
q[26]: 9.1156147373891216e-02  -6.5027776348968258e-01  -1.5169688017127844e-01  
q[27]: 2.2701968604231879e-02  -8.4137932629707801e-01  -1.1283852008787953e-02  
q[28]: 8.7550116676018808e-02  -1.0101950970776549e-01  -4.4872994818794815e-01  
q[29]: 9.0107989185488263e-02  -4.1374512716728662e-01  -5.4686328855954480e-01  
q[30]: 4.3142333503310426e-02  -6.5219948176676901e-01  -4.6664590277442453e-01  
q[31]: 8.6561394448728970e-02  2.8849490570965721e-02  -6.6200901106153620e-01  
q[32]: 2.7621429618915533e-02  2.2296851454495450e-01  -7.9451457378066870e-01  
q[33]: 4.3315472687291669e-02  -2.6900723273490390e-01  -7.6521001588233473e-01  
q[34]: 2.7746523101821539e-02  -5.4707069086700122e-01  -7.4107302585814205e-01  

