deg: 1
dim: 2
nodes: 1
q[0]: 2.3776412907378837e+00  -4.1633363423145181e-17  -1.3183898417402514e-16  

