deg: 6
dim: 2
nodes: 13
q[0]:  1.1335230816598293e-01  -7.5001832469957364e-01  3.8215391607419036e-01  
q[1]:  2.2356556410979270e-01  -3.2895148566310606e-01  4.3298746975151342e-01  
q[2]:  2.1083783044136697e-01  3.6910516142379751e-01  4.5100810366110444e-01  
q[3]:  1.6664304310000588e-01  -1.3971578709977743e-02  8.0410933045108268e-01  
q[4]:  7.1824012394833686e-02  7.6237438639936361e-01  4.4602280390833887e-01  
q[5]:  2.7698617737558595e-01  -2.6772952822185447e-01  3.1533594761669698e-02  
q[6]:  2.3737942019806946e-01  2.9159308519350946e-01  1.2027775050191289e-01  
q[7]:  2.3040328633685936e-01  2.7851368421454237e-01  -3.9632360637902131e-01  
q[8]:  1.7953646458709821e-01  7.3941626349425338e-01  -1.0308773033939514e-01  
q[9]:  1.2834691946224153e-01  4.2960934671196854e-01  -7.1753698094831597e-01  
q[10]: 1.8817546374115748e-01  -7.0582486530849053e-01  -1.9302638111739950e-01  
q[11]: 2.3100053132642806e-01  -1.6425936034067368e-01  -4.8723433517385845e-01  
q[12]: 1.1959026949846169e-01  -4.0179610013113115e-01  -7.3366122845438764e-01  

