deg: 13
dim: 2
nodes: 35
q[0]:  2.3105445863328970e-02  -7.4259672834901391e-01  4.3601538461291101e-01  
q[1]:  7.0412982470712482e-02  -5.2940042586398728e-01  4.2901445142924127e-01  
q[2]:  1.2057969958609992e-01  -2.4247346336887890e-01  3.6603530300706777e-01  
q[3]:  4.0874498862790709e-02  -3.9974851829695440e-01  6.5534468247972610e-01  
q[4]:  8.2949458145790314e-02  -1.2007362772056361e-01  6.8838654397973287e-01  
q[5]:  1.2533374763936081e-01  1.2196138717276028e-01  4.0874267546825555e-01  
q[6]:  1.9637254981233403e-02  -1.3063702192668519e-01  8.8061051535126889e-01  
q[7]:  6.8910170087912670e-02  1.8006088573702284e-01  7.2086685192815281e-01  
q[8]:  9.0302191069121185e-02  4.5237940191766174e-01  4.5319195272043589e-01  
q[9]:  2.2846928442348851e-02  5.3454991932470081e-02  9.1677795537837836e-01  
q[10]: 1.9982015551644982e-02  4.1597144219510968e-01  6.9004829662445566e-01  
q[11]: 3.6059750487201586e-02  6.9594172562170475e-01  4.3827300948705417e-01  
q[12]: 7.7975562908295576e-02  -6.9714424814815823e-01  1.7612545387198991e-01  
q[13]: 1.5589575380601439e-01  -1.3579379176869376e-02  1.9385126551326189e-02  
q[14]: 1.3049410702695682e-01  3.7587342876359858e-01  9.4674304289215874e-02  
q[15]: 1.3532459502313060e-01  2.0749726403386093e-01  -3.1654180975195384e-01  
q[16]: 8.3828040826515501e-02  6.8987686803732395e-01  1.6299007281441413e-01  
q[17]: 7.8694366642903218e-02  5.2625973218321309e-01  -1.9556542646732430e-01  
q[18]: 8.8635201337981306e-02  4.3052055852449889e-01  -5.6077126558618817e-01  
q[19]: 2.4680095958492045e-02  8.8067906473465885e-01  2.8169439794034928e-01  
q[20]: 2.5944003679116964e-02  8.2931733972158095e-01  9.7294869287668992e-03  
q[21]: 5.1727506370072160e-02  6.8534628345102799e-01  -2.4135704131360824e-01  
q[22]: 2.6579893468099122e-02  6.5589818004858735e-01  -5.1835697306827855e-01  
q[23]: 2.6429989903361754e-02  5.3480630132768947e-01  -7.5157197573816870e-01  
q[24]: 2.5401862811748558e-02  -8.8480956528910992e-01  2.5679181836027715e-01  
q[25]: 1.2896654619231693e-01  -4.1886296941247708e-01  3.0623628780492438e-02  
q[26]: 3.9517830007643605e-02  -7.9140338764735874e-01  -6.4506390080515827e-02  
q[27]: 1.3694901665991238e-01  -2.1906336596014844e-01  -3.3292201744418787e-01  
q[28]: 9.3574844270799748e-02  -5.8853423103582603e-01  -2.6176900331317016e-01  
q[29]: 1.0193085141852345e-01  1.3286066115320180e-02  -6.1797327083595366e-01  
q[30]: 8.4259944796941072e-02  -4.0433796752638534e-01  -5.9354199771664629e-01  
q[31]: 3.2068487526523748e-02  -6.5919380643335101e-01  -5.0156983928720622e-01  
q[32]: 2.7164362474986291e-02  -5.3253600062344975e-01  -7.5251121226970841e-01  
q[33]: 4.2282050010638936e-02  2.3893378955834998e-01  -7.6715045104671198e-01  
q[34]: 3.8322234429363930e-02  -2.0622025244939116e-01  -7.7650925898076117e-01  

