deg: 11
dim: 2
nodes: 27
q[0]:  7.9499772027571233e-02  -6.0992788728688407e-01  4.2475752251410864e-01  
q[1]:  1.4182887557198107e-01  -2.9235016451735862e-01  3.4944362048936661e-01  
q[2]:  5.4535918554679243e-02  -3.4918978824775881e-01  6.9338083579439402e-01  
q[3]:  1.2045729910451827e-01  -4.2709988284603956e-02  6.4767346837337014e-01  
q[4]:  1.7951479764659137e-01  1.1465111416031416e-01  2.2436923351916763e-01  
q[5]:  3.9787245242667593e-02  -2.3768557816989031e-02  9.0315773353137019e-01  
q[6]:  1.1908241724733955e-01  3.5317007516397336e-01  5.0480243906509581e-01  
q[7]:  4.3087914387552738e-02  2.5103419676080774e-01  7.7450040618553695e-01  
q[8]:  4.3707194823973221e-02  6.5717247189488737e-01  4.8079881848489037e-01  
q[9]:  2.6746266183587733e-02  -8.5762517509754821e-01  3.3227933245300628e-01  
q[10]: 8.5072579828965780e-02  -6.2191278670440653e-01  1.2631889199225432e-01  
q[11]: 1.6107912159055859e-01  -2.5572361639317753e-01  -5.6389044816847332e-02  
q[12]: 1.5571903196702039e-01  3.4761984767301252e-01  -1.1608642453574379e-01  
q[13]: 1.5224189326948079e-01  8.1412259567907926e-03  -3.2331862686551738e-01  
q[14]: 1.2839303309664923e-01  6.0657842549091856e-01  1.7252917744882160e-01  
q[15]: 1.1729629816076206e-01  5.2380817910680399e-01  -4.2671440378012909e-01  
q[16]: 4.2585344637597090e-02  8.6377613238519535e-01  2.5203182963459503e-01  
q[17]: 6.8250375254638673e-02  7.5134790433768439e-01  -1.2624034366860501e-01  
q[18]: 2.4554698646622478e-02  6.3491277402780244e-01  -6.3515292378872112e-01  
q[19]: 4.5624626772579190e-02  -8.3106711741541017e-01  6.9298301702850826e-02  
q[20]: 1.0229866120826872e-01  -5.8141188018407219e-01  -1.9155186465199286e-01  
q[21]: 1.3731536858907506e-01  -3.3492045076229671e-01  -5.3339075125956326e-01  
q[22]: 4.8511239810624530e-02  -6.7745879989087265e-01  -4.1611662632155871e-01  
q[23]: 1.2084669365198197e-01  1.7615919757460610e-01  -6.2911600637269338e-01  
q[24]: 4.6921995289962305e-02  -5.2046937407569005e-01  -7.2966077713471644e-01  
q[25]: 4.1017770014516175e-02  4.2747581330157353e-01  -7.6909758249764970e-01  
q[26]: 5.1664858158118825e-02  -1.2679856156402211e-01  -7.7556365855441189e-01  

