deg: 8
dim: 2
nodes: 20
q[0]:  9.9002469744004160e-02  -7.7236921990897245e-01  3.2668857595866524e-01  
q[1]:  1.4497416229578228e-01  -3.4254143224160610e-01  5.8838378884793829e-01  
q[2]:  1.5081348530109334e-01  5.9953602863007070e-03  4.8056443557208284e-01  
q[3]:  3.5600957119242500e-02  -1.3270826967260330e-01  8.9518339206743947e-01  
q[4]:  1.8288361980178158e-01  5.2957488755004634e-01  3.7888287497238449e-01  
q[5]:  1.0596621664732409e-01  1.9025460337452496e-01  7.7078502820583084e-01  
q[6]:  3.7300836657587245e-02  8.3654857852636477e-01  3.7471893336061329e-01  
q[7]:  2.3245360686436994e-01  -4.4623212102464832e-01  1.1413877279202767e-01  
q[8]:  1.5496711994740967e-01  1.2414248086706832e-01  1.9532196407890387e-01  
q[9]:  2.1110785908274393e-01  -1.0841196376595429e-02  -1.7752548898879605e-01  
q[10]: 1.6013497868633156e-01  4.4700411834876363e-01  -1.1356638123584982e-01  
q[11]: 1.6182976790150763e-01  4.5125174334515972e-01  -4.8565603501411986e-01  
q[12]: 1.0365016925575908e-01  7.7960686315107264e-01  -2.9124549997226815e-02  
q[13]: 4.1084659986102147e-02  6.0076912324680365e-01  -6.8177581448563962e-01  
q[14]: 5.1928519019757619e-02  -8.2202147718040686e-01  -7.6242776383758204e-02  
q[15]: 1.5490812826355346e-01  -5.3700505608756621e-01  -3.2187758738432498e-01  
q[16]: 1.8786627238537992e-01  -1.1356848781585399e-01  -5.6797792582232409e-01  
q[17]: 4.9667338885525422e-02  -5.6512288220806872e-01  -6.3460446403559845e-01  
q[18]: 6.8127042031999360e-02  1.7865048199851877e-01  -7.8295786122687339e-01  
q[19]: 4.3374080860628862e-02  -4.2605433129420534e-01  -7.6231512242622224e-01  

