deg: 5
dim: 2
nodes: 7
q[0]: 2.5512508110944015e-01  -3.5792565239480961e-01  6.2784896080588337e-01  
q[1]: 2.6777441636133875e-01  2.8060050023717947e-01  6.6600934640132714e-01  
q[2]: 6.2578710641669322e-01  -3.7041187491168638e-16  6.9184563262245092e-16  
q[3]: 3.0392518963759868e-01  7.1550981872332775e-01  1.0173883003937624e-01  
q[4]: 3.1745343654959401e-01  4.0316030374983558e-01  -5.9980568495772713e-01  
q[5]: 2.9290398866272133e-01  -7.2081851402630659e-01  5.2208812131452731e-02  
q[6]: 3.1467207200049757e-01  -3.7542984581015409e-01  -6.1754151366708276e-01  

