deg: 15
dim: 2
nodes: 47
q[0]:  2.8323804838591284e-02  -7.1515851337648462e-01  4.3240212305011583e-01  
q[1]:  6.9512714355806041e-02  -5.2997481142790859e-01  3.7218577759037391e-01  
q[2]:  3.2594259951778559e-02  -4.5799227024632094e-01  6.1675462646941337e-01  
q[3]:  6.2597979135976894e-02  -2.5969519933820906e-01  5.9310587090632416e-01  
q[4]:  9.7934987742102894e-02  -2.4222577296247338e-01  3.0099327441635276e-01  
q[5]:  8.3511536843399223e-02  1.4221004643367645e-02  5.2937956980425416e-01  
q[6]:  9.6982728598139903e-02  1.4769347088151322e-01  2.5514745064437094e-01  
q[7]:  1.6670713802272832e-02  -2.3002546141879782e-01  8.1136761401864932e-01  
q[8]:  4.6784552726455389e-02  -5.9757208385212410e-02  7.8921199824556199e-01  
q[9]:  5.2498562215030957e-02  2.0332242538901901e-01  7.0519417495092307e-01  
q[10]: 7.7291882631483982e-02  3.5967878559409217e-01  4.6058392331507092e-01  
q[11]: 1.4449090644562594e-02  -1.4228823407310890e-02  9.4210129286090605e-01  
q[12]: 5.1990052753819203e-02  6.4677049526742614e-01  4.0916166444042984e-01  
q[13]: 1.6904374764624319e-02  1.5556026584916904e-01  8.6081150913495563e-01  
q[14]: 2.8072159039695607e-02  4.6384731417524899e-01  6.3142802570473289e-01  
q[15]: 1.1402404449894215e-02  8.1592856532332170e-01  3.9656535704867091e-01  
q[16]: 1.3259977333081201e-02  -8.9463387690512253e-01  3.0459038827597429e-01  
q[17]: 4.3917245264986207e-02  -7.6602156147548295e-01  2.1068172694706358e-01  
q[18]: 7.4911887094248591e-02  -4.9431815604891777e-01  8.7800596328305405e-02  
q[19]: 8.6936433700013832e-02  -6.7211346179123457e-02  5.4022890941721219e-02  
q[20]: 8.9102463141490104e-02  -2.9065652929033331e-01  -1.1546117432415592e-01  
q[21]: 1.0504260834527661e-01  2.7704022840802434e-01  -6.2749969627022104e-02  
q[22]: 1.0494021508170599e-01  1.8043779173268739e-02  -2.7884054371294931e-01  
q[23]: 8.9309053487959283e-02  4.9842099830476405e-01  1.7438085113364138e-01  
q[24]: 9.2017384594438728e-02  3.8681039390676875e-01  -3.6610046587264833e-01  
q[25]: 5.1678038181154469e-02  7.6435496800992597e-01  1.6608047676023560e-01  
q[26]: 7.8402211507201433e-02  6.0932281186391357e-01  -1.2024777672898580e-01  
q[27]: 4.5585825635052001e-02  5.6231913278034951e-01  -5.3023123826955598e-01  
q[28]: 1.5399387104333482e-02  9.0050065748848129e-01  2.5409260552826424e-01  
q[29]: 2.2476153895608624e-02  8.1337059843831772e-01  -4.1345945887647624e-02  
q[30]: 3.3094088501635012e-02  6.9652098076874158e-01  -3.3178690103356046e-01  
q[31]: 1.0425299998245180e-02  6.3033921738582810e-01  -6.6288452667005204e-01  
q[32]: 1.3196742759208445e-02  -8.7337150531900931e-01  1.1796157073614104e-01  
q[33]: 4.6681949671925092e-02  -6.7690826076837851e-01  -3.7955545149418440e-03  
q[34]: 3.1217667391464411e-02  -7.6214960780120433e-01  -1.5494106390023926e-01  
q[35]: 7.1809261071779040e-02  -5.0917438773822565e-01  -2.7845703914187953e-01  
q[36]: 9.2829661078715694e-02  -2.4587038772295192e-01  -4.6807621830258794e-01  
q[37]: 3.6122392655522327e-02  -6.2724291753323214e-01  -4.0134113982795977e-01  
q[38]: 8.4860154288125822e-02  1.2641681913929412e-01  -5.6363495056496826e-01  
q[39]: 5.7957410115961151e-02  -4.4552024124805811e-01  -6.3353573514262507e-01  
q[40]: 1.6521615432925071e-02  -6.5398399130267260e-01  -5.4931762746338142e-01  
q[41]: 5.0036104357721205e-02  3.7461908974261504e-01  -6.8522366829422043e-01  
q[42]: 5.7751278654247555e-02  -1.1244228644266935e-01  -7.1595992947243814e-01  
q[43]: 1.7291975572280075e-02  -5.5311616424766485e-01  -7.5680551078011515e-01  
q[44]: 1.5942234737748657e-02  5.1269841301538754e-01  -7.7940195592397810e-01  
q[45]: 2.4709383458103671e-02  1.6778366514853435e-01  -7.8792212287232366e-01  
q[46]: 1.6693382132091046e-02  -3.2194610933766865e-01  -7.9560180008550696e-01  

