deg: 2
dim: 2
nodes: 3
q[0]: 9.1279017737661061e-01  -4.9492822156517619e-01  2.5266527452085913e-01  
q[1]: 7.8366502788881354e-01  5.4531103892474908e-01  3.0661807396057522e-01  
q[2]: 6.8118608547245973e-01  3.5855736259183389e-02  -6.9131805870889707e-01  

