deg: 9
dim: 2
nodes: 21
q[0]:  7.2578339502333347e-02  -6.3420100697630533e-01  4.5968333582170806e-01  
q[1]:  1.2018243511416603e-01  -2.5081783514204214e-01  6.5234956784531517e-01  
q[2]:  1.6562944813429220e-01  -2.0827913446562116e-03  3.7744427632018607e-01  
q[3]:  3.4812509962220302e-02  -8.6279422376871057e-02  8.9629634393348401e-01  
q[4]:  1.1446429021828854e-01  2.0768247305480966e-01  6.4082216531002711e-01  
q[5]:  3.1889018637284869e-02  1.8088228386846791e-01  8.4747792717093318e-01  
q[6]:  8.8915666812439356e-02  5.9945678331278873e-01  4.6390552173431426e-01  
q[7]:  1.9814083274187422e-01  -4.4057860872697358e-01  1.9730514135139135e-01  
q[8]:  2.4683711173330738e-01  -7.2567558875112426e-03  -9.3983425570901974e-02  
q[9]:  1.9105842349957167e-01  4.2813273237869909e-01  1.8223669450910895e-01  
q[10]: 1.9731898922147054e-01  4.0942236195460679e-01  -3.5063306902102787e-01  
q[11]: 4.4581971900028328e-02  8.5609599764689670e-01  2.7184420658602504e-01  
q[12]: 1.0992754916498829e-01  7.3491468680377880e-01  -5.4318943775970657e-02  
q[13]: 5.8467663651475238e-02  6.2331989569506940e-01  -5.7905303818578313e-01  
q[14]: 4.5636299478199770e-02  -8.5679307226998636e-01  2.5325889669187984e-01  
q[15]: 1.0739380742508445e-01  -7.2861230214722683e-01  -7.0607412176176221e-02  
q[16]: 1.9549733036857447e-01  -4.0931459697041800e-01  -3.5499715960905681e-01  
q[17]: 1.7780125355835594e-01  3.0285794360384709e-03  -6.1904570243218027e-01  
q[18]: 5.6406812421992740e-02  -6.2319981002696001e-01  -5.8453349664919052e-01  
q[19]: 5.9513893126260597e-02  3.6688802808107746e-01  -7.7063480906854565e-01  
q[20]: 6.0587644065675572e-02  -3.6420683915620400e-01  -7.6910342776634233e-01  

