deg: 9
dim: 2
nodes: 26
q[0]:  2.1035353410435886e-01  1.3847764700027060e-01  2.1563519268885004e-01  
q[1]:  1.0653211966692601e-01  5.6192189604079612e-01  3.8726085274895100e-01  
q[2]:  1.3919124203337924e-01  1.9302614179870567e-01  6.2197626245386195e-01  
q[3]:  3.5133474000454197e-02  7.0872673782597317e-01  4.5496222233352696e-01  
q[4]:  3.0564353814004450e-02  2.2587123963705100e-01  8.2147261569516650e-01  
q[5]:  1.3650025369854399e-01  3.6651114004792612e-01  -2.9604160056262213e-01  
q[6]:  1.0559565867200196e-01  4.7009771551223334e-01  2.4717344326892290e-02  
q[7]:  1.0117997946297400e-01  7.3666686017676208e-01  -8.8448654361761910e-04  
q[8]:  8.3426502673785208e-02  6.2864572993926049e-01  -4.6104519233522340e-01  
q[9]:  2.5507257466953120e-02  8.9894358609145508e-01  2.3196565206118500e-01  
q[10]: 1.6720570413918762e-01  -8.6379801857587122e-03  -2.9061686399156800e-01  
q[11]: 1.5159912105368531e-01  -2.9878431913646120e-01  -5.8218189127757614e-01  
q[12]: 1.1351477578075130e-01  2.4578320658027336e-01  -6.4168494156005362e-01  
q[13]: 3.2177426946542277e-02  -4.7279782525741171e-01  -7.8528362797048556e-01  
q[14]: 4.7571492362093667e-02  -4.4881568635489087e-03  -7.6963101119608479e-01  
q[15]: 3.5917066300338932e-02  5.0311922458935709e-01  -7.6153171638782913e-01  
q[16]: 1.6418141150178264e-01  -2.9586954965428508e-01  -7.5409000667833112e-02  
q[17]: 8.9518399507770061e-02  -6.9684039668603626e-01  5.2189621629616732e-02  
q[18]: 9.8840881322096480e-02  -6.0269344247349665e-01  -2.0759455767635429e-01  
q[19]: 3.2928221797175791e-02  -8.9148660858975648e-01  1.7518533822032550e-01  
q[20]: 5.6794758197103799e-02  -6.4843564872310777e-01  -5.0561981102414100e-01  
q[21]: 1.7332012634311514e-01  -2.9062825420752958e-01  3.6837260936351190e-01  
q[22]: 1.0775965168816283e-01  -2.0876117325125113e-01  7.2880620965810239e-01  
q[23]: 6.3903832147222769e-02  -5.8037549228522134e-01  3.5755359475691223e-01  
q[24]: 1.9942606481838342e-02  -1.6245310084472060e-02  9.4095632935444462e-01  
q[25]: 4.8481439575635964e-02  -7.0248814597851872e-01  4.5911355495491069e-01  

