deg: 7
dim: 2
nodes: 14
q[0]:  6.6601070602034185e-02  -8.4055765655690429e-01  9.2331971431605375e-02  
q[1]:  5.0127942347793705e-02  -7.2788279860532656e-01  4.9148352161210501e-01  
q[2]:  1.6387034351837429e-01  -5.1811084877987446e-01  3.1383168815569523e-01  
q[3]:  5.2293963449616225e-02  -5.2945421340197685e-01  7.7414931925708674e-01  
q[4]:  2.0215016660896215e-01  -1.7918562442579544e-01  6.2179805106587382e-01  
q[5]:  1.0488211903591942e-01  2.4427180343119020e-01  7.9122925857317949e-01  
q[6]:  5.8139551521537332e-02  -3.4070720351594952e-01  9.1438375555917517e-01  
q[7]:  7.8857082332009582e-02  7.0070247713484513e-01  6.2902080946119310e-01  
q[8]:  1.0207795400083003e-01  7.6956222377409178e-01  2.6502052573536633e-01  
q[9]:  1.9061141597265252e-01  3.6902457071271488e-01  4.4211639974187311e-01  
q[10]: 1.8060433069677631e-01  7.7434241736793674e-03  1.9198435169978093e-01  
q[11]: 2.8128906154935834e-02  9.1365222056371309e-01  5.7404778705968509e-02  
q[12]: 9.2826218626052573e-02  4.8256276634782413e-01  5.4916705561486895e-02  
q[13]: 6.6328935132505720e-02  -3.7612851984184559e-01  2.5423819801356131e-02  

