deg: 5
dim: 3
nodes: 16
q[0]:  6.0660823739772697e-03  2.6401698588363670e-01  1.6255322388668642e-01  1.4403360564583606e-01  
q[1]:  6.0457126912062701e-03  2.9288863924613123e-01  2.0464801204894670e-01  2.0705161832392460e-02  
q[2]:  1.1644274875786844e-02  5.2290976729847183e-01  4.8440629177155176e-01  2.5987696614157524e-01  
q[3]:  1.0218010717476439e-02  5.7294678286439071e-01  1.2590053127796955e-01  5.0161463938757082e-02  
q[4]:  1.9161769747071095e-02  6.9551726132610059e-01  4.4169231969476502e-01  9.3459374764641528e-02  
q[5]:  1.5316549886949412e-02  6.8412846229292501e-01  3.6518659817908450e-01  2.9740809303546240e-01  
q[6]:  7.3771862530810127e-03  6.8358090773087388e-01  6.4186317459153841e-01  6.7210353057926206e-02  
q[7]:  1.2853615736279763e-02  9.0613981318483316e-01  8.5162799514034959e-01  4.1721067772222709e-01  
q[8]:  6.5358572026754198e-03  6.5383703649077385e-01  5.9830934590411822e-01  5.5759088428694592e-01  
q[9]:  1.1480804435296237e-02  9.1094309741883583e-01  1.8291822750528861e-01  9.4400731909200536e-02  
q[10]: 8.0267940255806264e-03  9.2510169351226712e-01  4.6343207788549323e-01  3.3260547820140596e-02  
q[11]: 9.7287850838392431e-03  7.4678050903138216e-01  5.8248885770081882e-01  3.7451484156146170e-01  
q[12]: 1.5420331325695757e-02  9.5186603918031032e-01  6.0716314699064688e-01  2.9414464908073334e-01  
q[13]: 8.2135352733074211e-03  9.3637979695314633e-01  4.9988352493111982e-01  4.5642293266271161e-01  
q[14]: 8.8758890786087129e-03  9.4148576727159150e-01  8.3860857615871642e-01  9.3359284437886242e-02  
q[15]: 9.7014679598351437e-03  9.3185165031573347e-01  8.3855427119481529e-01  7.3932699787189693e-01  

