deg: 5
dim: 2
nodes: 8
q[0]: 1.5559022836654424e-01  -7.0490694939340959e-01  1.0856551654526221e-01  
q[1]: 1.4699692372248546e-01  -6.4639602601174584e-01  4.9401934598240349e-01  
q[2]: 1.7443513974200170e-01  -3.0508186062003551e-01  8.4358029911728527e-01  
q[3]: 1.8499103416695944e-01  4.5793768241776300e-01  7.0330243503603029e-01  
q[4]: 1.3870495639912733e-01  7.6339391641284049e-01  3.4808420335929530e-01  
q[5]: 3.5497515330688345e-01  -4.7824181802503529e-03  4.2167367820084739e-01  
q[6]: 1.1441052001878611e-01  7.0383759430335446e-01  7.8912839739543592e-02  
q[7]: 1.6739604427721208e-01  2.4535745029159877e-02  8.8310181428383719e-02  

