deg: 6
dim: 3
nodes: 23
q[0]:  1.5684130759438048e-02  4.6138947444243639e-01  4.8680618506663748e-02  2.8273163769426146e-01  
q[1]:  5.5140591074043796e-03  1.6300717514940108e-01  5.4954657078268625e-02  6.7109160834236181e-02  
q[2]:  1.8638708181694524e-02  4.9322281469516693e-01  1.7779744497880512e-01  5.3170406571654047e-02  
q[3]:  3.4463394169079127e-02  8.1510352988880241e-01  2.2473692434066572e-01  3.2102971213962445e-01  
q[4]:  3.6823042463126211e-02  6.6460918206190456e-01  4.1847709586109100e-01  3.7919289003482931e-01  
q[5]:  1.1612259102671784e-02  3.8579140458691158e-01  2.4035280594765795e-01  3.5941551818848577e-01  
q[6]:  2.0871167671723916e-02  7.2331032522938199e-01  6.1822381041668439e-01  1.0533366759992166e-01  
q[7]:  1.0918628313980747e-02  3.7272943904539435e-01  3.4250327185809282e-01  1.2523041791316267e-01  
q[8]:  8.7252291259566281e-03  7.3489392507699336e-01  3.5075156513078147e-03  1.3591315428728173e-01  
q[9]:  2.0269551949028554e-02  7.2435819545992108e-01  1.2443562454969830e-01  6.3423948511382455e-01  
q[10]: 1.2918897975190635e-02  8.4009346132225404e-01  3.2160745673370988e-01  2.3838910145924905e-02  
q[11]: 1.0507681175660649e-02  9.9181393867344880e-01  2.8591244394679499e-01  4.2898084459246577e-01  
q[12]: 1.1537530557008898e-02  7.4949520452912399e-01  5.2035907735441589e-01  7.2586480224291083e-01  
q[13]: 1.0736254330076226e-02  7.0531013840830026e-01  6.9568143338540556e-01  5.3349043670331842e-01  
q[14]: 1.1360942302066562e-02  9.2724227476559240e-01  3.8132099794710918e-02  6.4127669607318405e-01  
q[15]: 6.2375894808328093e-03  9.5919133972828685e-01  1.9551732267890320e-01  9.3006792052001008e-01  
q[16]: 7.8358638593680145e-03  9.6240842998177156e-01  9.1286168839200363e-02  1.2400659631188068e-01  
q[17]: 2.7144609851703236e-02  9.3259710541304142e-01  5.0220828723666533e-01  7.2290302031957465e-01  
q[18]: 4.9204155547486828e-03  9.8515510186335942e-01  5.7542476014352995e-01  6.5680100549655243e-02  
q[19]: 2.1741636924118974e-02  9.2960091698663305e-01  6.6933052197006326e-01  2.5736102816053774e-01  
q[20]: 6.7245206562121873e-03  9.5303725121010285e-01  8.3755284222613491e-01  8.9104888973370378e-01  
q[21]: 3.4784840742073573e-03  9.5145158894622128e-01  9.2978040361219350e-01  6.3036296399079123e-02  
q[22]: 1.4668735748035143e-02  9.3546749391177852e-01  8.5869760614183643e-01  5.2270803550960432e-01  

