deg: 5
dim: 3
nodes: 19
q[0]:  1.2761729211813694e-02  2.7158862447089344e-01  5.3508695383652306e-02  1.3456065433746386e-01  
q[1]:  1.2831898142367413e-02  3.8548821943581518e-01  2.4443437115904146e-01  5.5244281711308012e-02  
q[2]:  7.3018041631771639e-03  2.7214369080120226e-01  2.4888953161936941e-01  2.1915612306849863e-01  
q[3]:  7.5595253018632775e-03  6.5949801754198267e-01  4.8431173898810638e-02  3.9988167150668205e-02  
q[4]:  2.7719156974756316e-02  6.5823499694422305e-01  8.8398138796476566e-02  3.2926853133458567e-01  
q[5]:  6.5619868982207041e-03  6.0835855317698140e-01  5.7759294238341710e-02  5.7513397830257396e-01  
q[6]:  2.6097330545030353e-02  6.9789284602289758e-01  3.2613397141954570e-01  9.9932864418012621e-02  
q[7]:  2.8067250436485586e-02  6.1592653720506130e-01  2.9403128946971002e-01  5.2591321880412589e-01  
q[8]:  6.5619868987411871e-03  6.2181918681748116e-01  6.0604300470918293e-01  6.4365396700253652e-02  
q[9]:  3.7782549709767278e-02  6.8962847327639087e-01  5.4729195600637781e-01  3.4498810391426316e-01  
q[10]: 6.8988843416334274e-03  6.5260331545144812e-01  6.2889935286077536e-01  5.9616455001234925e-01  
q[11]: 6.7497323137762728e-03  9.3842283670214088e-01  4.7003954465761749e-02  6.6133715098051618e-02  
q[12]: 3.3097001943099939e-02  9.2727643292447359e-01  1.5968914400558085e-01  4.6792708271070832e-01  
q[13]: 8.0617656186290406e-03  9.1712162658683849e-01  4.7711621754459678e-02  8.5749053988643276e-01  
q[14]: 2.8565406666049731e-02  9.3358885293868210e-01  4.6906518779969680e-01  1.4185541557467812e-01  
q[15]: 3.3286346980753979e-02  9.2137816339452294e-01  4.6522052334193154e-01  7.8274341406462300e-01  
q[16]: 8.2787232010128192e-03  9.1139803341158387e-01  8.5682465259842011e-01  5.4922314292731637e-02  
q[17]: 2.7454802388750418e-02  9.4167524575918571e-01  7.9291221723061434e-01  4.6662250060602567e-01  
q[18]: 7.6954515974047262e-03  9.2053341718232840e-01  8.6751804983649405e-01  8.5931379621256254e-01  

