deg: 6
dim: 2
nodes: 12
q[0]:  4.2796507027582316e-02  -9.0405458314135667e-01  6.8920930396919891e-02  
q[1]:  1.9341454674968830e-01  -5.9966001952611536e-01  3.3912717629087424e-01  
q[2]:  7.5504556837857284e-02  -5.8769837919476342e-01  7.0746758303461188e-01  
q[3]:  2.1546810673965627e-01  -1.0769084337843000e-01  6.5598880495532674e-01  
q[4]:  2.1944437918377475e-02  -4.4537695683767697e-01  9.5234211723173501e-01  
q[5]:  5.8525890915417461e-02  -1.4833372214052370e-01  8.8641215747757263e-01  
q[6]:  1.2097102769232358e-01  4.9550572055084269e-01  7.2149540330770912e-01  
q[7]:  1.3010344261892809e-01  7.2048789870598129e-01  4.2947898205935742e-01  
q[8]:  2.6463579575299928e-01  1.7894175844321236e-01  3.2271449927070750e-01  
q[9]:  6.2863414363596506e-02  8.6980926433067318e-01  1.0895568109747276e-01  
q[10]: 1.0683001648714503e-01  4.6266477715314341e-01  6.2343678310259491e-02  
q[11]: 1.4444225689642828e-01  -3.3791181788523533e-01  7.1956446086562084e-02  

