deg: 5
dim: 4
nodes: 27
q[0]:  1.0529504035941073e-02  2.7860486396942796e-01  1.5820712807448617e-01  8.2036861262796001e-01  8.2928839640322216e-02  
q[1]:  9.2787410706048866e-03  2.2015788578750858e-01  1.3823755274818542e-01  7.8129763465499669e-01  6.7267331681793452e-01  
q[2]:  6.9943588297995320e-03  1.4472196866596682e-01  4.1315841730432949e-02  3.4275140844587743e-01  1.3534084421979123e-01  
q[3]:  3.6578141593005416e-03  1.3755251042759906e-01  4.8958294107823340e-02  9.7517649326748357e-01  4.6514728359119073e-01  
q[4]:  3.9230149017776246e-03  6.9422801885140828e-01  3.9252113745855931e-02  1.4048540047915892e-01  4.5392243990675624e-02  
q[5]:  1.7033917591063437e-02  4.9551738498592507e-01  3.0220714923919128e-02  7.1461588417730992e-01  3.3482890871852966e-01  
q[6]:  6.4003812352458984e-03  6.8332139171697082e-01  1.3773351443669282e-01  9.7523089518234041e-01  9.8729098210432978e-02  
q[7]:  1.6747844476116561e-02  6.5765100121811271e-01  2.7316748109305267e-01  4.9030629362277084e-01  3.5650353358247837e-02  
q[8]:  1.8759317151317054e-02  6.3119203750408914e-01  4.3138403657738283e-01  9.2619407585134328e-01  4.0068293001676225e-01  
q[9]:  6.0864318238423665e-03  5.2118263308447810e-01  3.8620809551868834e-01  1.2294278512752163e-01  4.6406591135313396e-02  
q[10]: 1.4502129188913524e-02  4.4953546003066663e-01  4.2279827677564219e-01  5.8533171409716545e-01  2.8313235065565923e-01  
q[11]: 5.9023689971522278e-03  6.8514891417261692e-01  6.1744289103701011e-01  9.4015472297628777e-01  8.1678531439450297e-01  
q[12]: 9.6089269501028977e-03  9.2692097364462056e-01  1.3842113587695645e-01  3.9674842689572926e-01  2.3026371810334395e-01  
q[13]: 6.5515238247907020e-03  9.2314404597769339e-01  7.4331025224722361e-02  7.2869555603747826e-01  1.0965562297900444e-01  
q[14]: 4.7697767085109685e-03  8.6287489086054281e-01  5.2384175160503747e-02  7.4996608101718631e-01  7.2323635137904674e-01  
q[15]: 9.2042914995257297e-03  8.9676218542975816e-01  1.4146155648427727e-01  9.4507641480442617e-01  5.4810795669324186e-01  
q[16]: 9.3363348783921836e-03  5.4344048798358136e-01  1.6232202231119963e-01  9.4049795015514559e-01  8.3099476315616716e-01  
q[17]: 5.6591965755334794e-03  9.6444374046117842e-01  4.9430985383564646e-01  2.0346288665692647e-01  9.4477528432112684e-02  
q[18]: 2.6568607516985573e-02  8.2975676013195820e-01  4.1080888735692422e-01  6.5952697860844622e-01  4.5479960388972640e-01  
q[19]: 1.1469164917508656e-02  5.0739843446646482e-01  1.9573150793398481e-01  3.7721867686697158e-01  3.6401989706647925e-01  
q[20]: 1.0472684035387540e-02  9.5577776563027572e-01  5.0622969688526009e-01  8.4159039679113690e-01  1.4060965265977476e-01  
q[21]: 3.6781069396983235e-03  9.9061279787332412e-01  5.2192197738057011e-01  9.3265702774870618e-01  8.5840332140271658e-01  
q[22]: 5.6275733429761122e-03  8.8505584031516171e-01  7.8859035639643926e-01  2.6537185950915498e-01  1.7503312405770163e-01  
q[23]: 1.0067211204409350e-02  8.7446088207795081e-01  7.6751083482560867e-01  5.3616471584531200e-01  1.1046651641894867e-01  
q[24]: 5.0451838568458390e-03  7.7094140503377984e-01  7.0806407485608869e-01  9.1445784917993400e-01  6.3079168793219412e-02  
q[25]: 5.4596413077501755e-03  9.8888543446197419e-01  8.9535940985487938e-01  8.8426899043109597e-01  4.8960031151278721e-01  
q[26]: 6.6659529805077489e-03  8.4011027305286945e-01  7.3278449617293262e-01  6.3854685519945420e-01  6.0586650949102749e-01  

