deg: 7
dim: 3
nodes: 33
q[0]:  3.4361635052649903e-03  1.7999182751648746e-01  1.1566227635157350e-01  5.9606444696153942e-02  
q[1]:  4.6063813337189428e-03  4.1034892763118191e-01  9.8712920816450597e-02  5.7165201589953148e-02  
q[2]:  4.5638585180509715e-03  4.8971299801166912e-01  2.4087268906892256e-01  2.8047795584172110e-02  
q[3]:  3.8207518203335978e-03  3.7229498858759907e-01  3.2534285120607376e-01  4.2937872064185527e-02  
q[4]:  1.2124063518712409e-02  5.7478608211106952e-01  3.7979391310509142e-01  2.0470688755259608e-01  
q[5]:  5.8942533161310271e-03  5.5566366802339640e-01  5.1277150273831740e-01  1.9312677741630327e-01  
q[6]:  3.3776689478176225e-03  3.7955668021255023e-01  3.6078282514389132e-01  2.8442424925355692e-01  
q[7]:  4.5214604296915355e-03  4.6753322853520368e-01  3.1408901380927157e-01  2.9173724660347400e-01  
q[8]:  3.8674229222220580e-03  7.1812972480815673e-01  9.0185995146977685e-02  3.5335579247286461e-02  
q[9]:  6.1511412374980904e-03  7.6353001820732358e-01  3.1507565580727037e-01  4.0433849282657017e-02  
q[10]: 8.0034431889773952e-03  7.8603154437626066e-01  3.2203290863348544e-01  1.7435215494924308e-01  
q[11]: 4.9156937974682152e-03  7.1274474105657459e-01  2.5166666190715548e-01  2.2786916623580053e-01  
q[12]: 5.1170191263798645e-03  6.9848477527750441e-01  5.3702888167960938e-01  3.6677177530159810e-02  
q[13]: 8.8426017070197174e-03  8.2176875385454384e-01  5.9573239479176088e-01  1.4568640499614927e-01  
q[14]: 1.1123318387419173e-02  8.7766009760411645e-01  6.3110208355284270e-01  3.5441573314964808e-01  
q[15]: 8.7080953819423067e-03  7.9219606304156465e-01  5.5677437780365480e-01  4.9379159787327837e-01  
q[16]: 2.6769536147556567e-03  7.0435229584338099e-01  6.7841736277523812e-01  4.5164158395647400e-02  
q[17]: 6.7242852667935577e-03  8.1878510475919652e-01  7.7356331218889296e-01  2.5922226838121099e-01  
q[18]: 7.9929482281659043e-03  7.3255727982007901e-01  6.8263332904372975e-01  4.8308165038371415e-01  
q[19]: 2.9631071457040426e-03  6.9398946727638122e-01  6.4999002045348397e-01  6.2151131703414475e-01  
q[20]: 2.0438914558674483e-03  9.4796807204144240e-01  1.3551314386734481e-01  2.8338943322099349e-02  
q[21]: 2.0438913060648639e-03  9.3713373540493927e-01  1.3068837070897857e-01  1.0946876105649578e-01  
q[22]: 3.9232067712165119e-03  9.4939022922570737e-01  4.0101266367521854e-01  4.3126748936097081e-02  
q[23]: 5.7953065387691969e-03  9.5940021388370123e-01  3.9388609486324166e-01  1.9846583147914149e-01  
q[24]: 4.4497544830560754e-03  9.4680338929369778e-01  4.0917456841802030e-01  3.6486644482617125e-01  
q[25]: 3.4720483879785899e-03  9.3965474183923492e-01  6.7979375966532851e-01  3.1772347450818986e-02  
q[26]: 4.2006136545068590e-03  9.8441323603334552e-01  7.0528008128514086e-01  2.0231630758149061e-01  
q[27]: 3.6540342257537078e-03  9.8590378649197574e-01  7.2635527138589617e-01  5.2241202695814026e-01  
q[28]: 2.7088778683025836e-03  9.5636534076243973e-01  7.0544099786649073e-01  6.6940977018115999e-01  
q[29]: 3.2544114404043714e-03  9.4078407602828351e-01  8.8617966668005899e-01  6.3788199900499457e-02  
q[30]: 3.3828554652204929e-03  9.7132460097238904e-01  9.1310947494175410e-01  3.0469097388472705e-01  
q[31]: 5.0905573873817264e-03  9.4572579557417946e-01  8.9466334426356564e-01  5.9505014720690741e-01  
q[32]: 3.2165862880771637e-03  9.3809131199261109e-01  8.8650100814740851e-01  8.2262560944206398e-01  

