deg: 5
dim: 3
nodes: 16
q[0]:  6.2201731273923817e-02  1.0133455667995803e-01  1.0514133390391416e-01  5.0967265766024128e-01  
q[1]:  6.2140638445303702e-02  1.0104086565845070e-01  5.0151846463763083e-01  1.0528839782425373e-01  
q[2]:  5.3866940101770407e-02  1.0536336737596241e-01  4.2727053188660119e-01  8.9968189711863311e-01  
q[3]:  5.4084028046171163e-02  1.0353663017666935e-01  8.9728769971023592e-01  4.2435989047104034e-01  
q[4]:  4.5480048880782151e-02  1.8316327948325442e-01  8.2303261950734374e-01  8.2235866129177670e-01  
q[5]:  5.4668226683704690e-02  4.1104980213785181e-01  1.0289532161466683e-01  1.0617488552484665e-01  
q[6]:  6.2341422106503119e-02  5.0232571299800866e-01  1.0391307372284442e-01  8.9767212192090495e-01  
q[7]:  9.9181490551436047e-02  5.0359599156930857e-01  4.9998631341998317e-01  5.0355770672085365e-01  
q[8]:  6.2341422106503119e-02  4.9767428700199129e-01  8.9608692627715558e-01  1.0232787807909506e-01  
q[9]:  5.4668226683704711e-02  5.8895019786214819e-01  8.9710467838533314e-01  8.9382511447515334e-01  
q[10]: 4.5480048880782151e-02  8.1683672051674561e-01  1.7696738049265631e-01  1.7764133870822332e-01  
q[11]: 5.4084028046171184e-02  8.9646336982333064e-01  1.0271230028976415e-01  5.7564010952895972e-01  
q[12]: 5.3866940101770407e-02  8.9463663262403759e-01  5.7272946811339887e-01  1.0031810288136685e-01  
q[13]: 6.2140601170893768e-02  8.9895918220106508e-01  4.9848153518021276e-01  8.9471164952572413e-01  
q[14]: 1.1125247564665573e-01  4.9679428340956777e-01  5.0001220116782197e-01  4.9682841318197835e-01  
q[15]: 6.2201731273923817e-02  8.9866544332004195e-01  8.9485866609608589e-01  4.9032734233975872e-01  

