deg: 7
dim: 3
nodes: 34
q[0]:  2.0224092343223990e-02  3.5252399108261612e-02  1.4502561770977462e-01  2.6903255659094938e-01  
q[1]:  2.0798429659078001e-02  1.2729860613799313e-01  4.1126844217543500e-02  6.4357431438489421e-01  
q[2]:  2.0709496909026438e-02  6.9212509357549939e-02  2.4815689828999365e-01  9.3110980654285003e-01  
q[3]:  1.8954586288276922e-02  6.5602396827014589e-02  4.7667303149706425e-01  5.0035857949141803e-02  
q[4]:  9.4784861782588100e-03  2.5380521469894518e-01  3.6362017824877607e-01  4.7827892729410781e-01  
q[5]:  4.7020578060500091e-02  3.1131701671249212e-01  6.4624425716840583e-01  2.4161346074874973e-01  
q[6]:  4.2547907585063015e-02  8.0040647088003847e-02  5.4537813975120397e-01  6.5393981945967761e-01  
q[7]:  2.0257466040862943e-02  1.0809185982926618e-01  9.3031240321194031e-01  1.6196776492869833e-01  
q[8]:  2.1620762344473028e-02  4.7159668207102191e-02  7.8899572254944250e-01  4.4806467435388081e-01  
q[9]:  1.3761813572853681e-02  6.6512332456462223e-02  9.1641749800864969e-01  9.0395603484560894e-01  
q[10]: 2.1965797781764031e-02  2.9042601801437745e-01  6.7990655887828794e-02  6.6374590916758583e-02  
q[11]: 5.6071275307457459e-02  2.9668795737111064e-01  3.2240459164712659e-01  3.2204287289368894e-01  
q[12]: 1.6170417029908575e-02  3.8674615051899297e-01  3.7634658908802694e-02  9.0573633061091863e-01  
q[13]: 5.5531496692760265e-02  3.8885068788478677e-01  2.5764570750795385e-01  6.7547612424882642e-01  
q[14]: 1.5965120561307677e-02  3.6614001565803028e-01  7.6608174653610417e-01  1.1449632953023810e-02  
q[15]: 5.1142019418501140e-02  3.2706404052107291e-01  6.5780097556948058e-01  9.1962355407632668e-01  
q[16]: 4.7780254226683909e-02  3.4728170819307402e-01  9.3908753241956822e-01  6.1279744689151805e-01  
q[17]: 4.7780254226683909e-02  6.5271829180692598e-01  6.0912467580431812e-02  3.8720255310848195e-01  
q[18]: 1.5965120561307680e-02  6.3385998434196955e-01  2.3391825346389566e-01  9.8855036704697619e-01  
q[19]: 5.1142019418501133e-02  6.7293595947892715e-01  3.4219902443051947e-01  8.0376445923673295e-02  
q[20]: 5.5531496692760238e-02  6.1114931211521295e-01  7.4235429249204621e-01  3.2452387575117336e-01  
q[21]: 1.6170417029908575e-02  6.1325384948100692e-01  9.6236534109119731e-01  9.4263669389081317e-02  
q[22]: 2.1965797781764031e-02  7.0957398198562249e-01  9.3200934411217118e-01  9.3362540908324143e-01  
q[23]: 1.3761813572853681e-02  9.3348766754353774e-01  8.3582501991350325e-02  9.6043965154391106e-02  
q[24]: 2.1620762344473025e-02  9.5284033179289784e-01  2.1100427745055750e-01  5.5193532564611925e-01  
q[25]: 2.0257466040862940e-02  8.9190814017073383e-01  6.9687596788059650e-02  8.3803223507130165e-01  
q[26]: 4.7020578060500140e-02  6.8868298328750777e-01  3.5375574283159411e-01  7.5838653925125032e-01  
q[27]: 4.2547907585063001e-02  9.1995935291199615e-01  4.5462186024879597e-01  3.4606018054032239e-01  
q[28]: 2.0709496909026442e-02  9.3078749064245003e-01  7.5184310171000635e-01  6.8890193457150015e-02  
q[29]: 9.4784861782587319e-03  7.4619478530105532e-01  6.3637982175122387e-01  5.2172107270588952e-01  
q[30]: 1.8954586288276929e-02  9.3439760317298537e-01  5.2332696850293570e-01  9.4996414205085822e-01  
q[31]: 2.0798429659078011e-02  8.7270139386200685e-01  9.5887315578245647e-01  3.5642568561510568e-01  
q[32]: 2.0224092343223986e-02  9.6474760089173839e-01  8.5497438229022538e-01  7.3096744340905062e-01  
q[33]: 5.6071275307457605e-02  7.0331204262888936e-01  6.7759540835287335e-01  6.7795712710631084e-01  

