deg: 7
dim: 3
nodes: 32
q[0]:  9.1785732480004142e-03  3.9186552424619392e-01  4.8222939528683201e-02  8.8913539062082256e-02  
q[1]:  7.6093274609397871e-03  3.7456926003192587e-01  8.1061860277459583e-02  3.3473737990278796e-01  
q[2]:  5.8783502287140981e-03  1.6971939465403238e-01  8.8770237599407512e-02  8.2891030350162542e-02  
q[3]:  8.7137762767585478e-03  4.0429630156044383e-01  3.1262238198900816e-01  4.0579285172576175e-02  
q[4]:  9.8191235231314348e-03  4.0345963136161994e-01  3.5812199971950215e-01  3.0528615538660342e-01  
q[5]:  1.4214317229780766e-02  6.4177100786721042e-01  5.8968707623922437e-02  4.3803346531380721e-01  
q[6]:  1.1054930262871090e-02  6.6663678825288553e-01  2.1072910866179922e-01  3.1095643073354107e-02  
q[7]:  2.8074332003702313e-02  5.7083133685157217e-01  2.8680163705443212e-01  2.6913957250236242e-01  
q[8]:  9.7808260273722254e-03  6.0538123217214257e-01  3.2947426566821392e-01  5.5726567946767103e-01  
q[9]:  1.1987647132105931e-02  6.5988022230639587e-01  6.0670394112582304e-01  1.8270872418163928e-01  
q[10]: 1.1128290384683701e-02  7.3246665813701606e-01  6.8373541838813334e-01  5.3795271247607213e-01  
q[11]: 9.5597401109827722e-03  7.2665106412762426e-01  4.2121613726925820e-02  1.5061781957256890e-01  
q[12]: 1.9206445798837721e-02  8.0560835899559446e-01  5.0987477467071629e-01  1.4989741019104072e-01  
q[13]: 2.4847758814247962e-02  8.6138154044266046e-01  2.1184456012739084e-01  3.3973282439303376e-01  
q[14]: 5.6689452436024090e-03  7.5740058619562578e-01  8.5593661082953909e-02  7.3359341282168766e-01  
q[15]: 2.1712212475258699e-02  8.2785879228103243e-01  3.1772759766842956e-01  6.6100331158397851e-01  
q[16]: 3.8730649406501410e-03  7.5192962505521621e-01  6.4605125023873156e-01  2.5057599232330588e-03  
q[17]: 2.2371623679133229e-02  8.4816254651804079e-01  6.0879071436873289e-01  4.8680470407775567e-01  
q[18]: 6.6862409660831019e-03  9.3789566614063213e-01  9.0905055687524894e-01  3.5097277329400584e-01  
q[19]: 6.6970624873998108e-03  7.3045600369297070e-01  5.8693741254627607e-01  7.0165519160506018e-01  
q[20]: 4.5392329498040425e-03  9.2113790339947543e-01  5.2812853213655496e-02  6.1515232348763299e-02  
q[21]: 5.4718134364681566e-03  9.8940392866520577e-01  1.1605974561569245e-01  2.8647717636516717e-01  
q[22]: 7.6507868012907487e-03  9.2132945861454285e-01  2.1820608663860618e-02  6.0739927170892838e-01  
q[23]: 6.1433300815656421e-03  9.5750827591329168e-01  1.3168438956007417e-01  8.8894515202546787e-01  
q[24]: 9.6482402694592351e-03  9.4337364430942650e-01  3.6450900906040617e-01  5.7638046894827093e-02  
q[25]: 9.8758108390359124e-03  9.8697410724085421e-01  3.5699640681308964e-01  6.5614875117685878e-01  
q[26]: 5.7150946832077469e-03  9.5952572715353279e-01  8.2212617137045918e-01  6.4611487263349934e-02  
q[27]: 1.2049231496334040e-02  9.7354703667882536e-01  6.1026163801115851e-01  3.0559947885418348e-01  
q[28]: 8.5216696567998532e-03  9.7130899529456949e-01  8.1918771518442146e-01  6.8390139199530897e-01  
q[29]: 8.9455607159808475e-03  9.4565113122442812e-01  5.7262914762039208e-01  8.9314884780795734e-01  
q[30]: 2.4899241946181000e-03  8.6855446853972262e-01  8.3592018168866811e-01  1.3580791283594384e-01  
q[31]: 4.2200499145128283e-03  9.3376405749088498e-01  8.8879178286145122e-01  8.6007119456108783e-01  

