deg: 7
dim: 2
nodes: 13
q[0]:  3.2792617393768420e-01  1.8450276391788517e-01  3.0623141395136211e-01  
q[1]:  1.1389947743549791e-01  4.3453998419310474e-01  6.3334421570561661e-01  
q[2]:  2.7335470318519367e-01  4.4925733806463741e-01  -1.8711595946287821e-01  
q[3]:  9.6035994727593638e-02  6.3126375183441652e-01  -5.4653385597997794e-01  
q[4]:  1.5939866535953365e-01  7.7868446982544648e-01  1.9435266627273806e-01  
q[5]:  2.4766111532066068e-01  -3.5678642297749232e-02  -4.2500750012229571e-01  
q[6]:  1.6148782073086398e-01  -4.6262096720886048e-01  -6.5896053338660776e-01  
q[7]:  1.2543286991053987e-01  2.1282211726742442e-01  -7.5299315281825019e-01  
q[8]:  2.6006934710969182e-01  -3.3506491200172894e-01  -9.7848067458835952e-02  
q[9]:  1.4223983257888276e-01  -7.4231347253974544e-01  -1.0953455605055920e-01  
q[10]: 2.3908319718369267e-01  -3.7414776444942532e-01  4.1277390011230153e-01  
q[11]: 1.4249279601125042e-01  -7.3099980287402083e-02  8.0985279732924287e-01  
q[12]: 8.8559297246798410e-02  -7.6903026636044347e-01  3.7445548084542440e-01  

