deg: 13
dim: 2
nodes: 44
q[0]:  1.1398097407144012e-01  2.7383485432549887e-02  2.3082874820074853e-01  
q[1]:  8.6573827183589566e-02  4.1359456736007211e-01  1.8557736225188923e-01  
q[2]:  7.8124085275893637e-02  2.2461026816614652e-01  4.7730309079599031e-01  
q[3]:  5.6662538733608998e-02  5.0025057092867520e-01  3.9841637374416072e-01  
q[4]:  5.1967881982958569e-02  7.1990419787451898e-01  3.6296515758121012e-01  
q[5]:  5.9935302096976131e-02  2.0454900162659909e-01  6.9562024656955246e-01  
q[6]:  9.8090605467395162e-03  8.8760348080217011e-01  3.4581727703265353e-01  
q[7]:  3.2721710055850971e-02  4.8806416276303588e-01  6.1489779873686956e-01  
q[8]:  2.0607160551047082e-02  1.4064902156577955e-01  8.6455477095123401e-01  
q[9]:  7.9118912948471551e-02  2.2369861557482221e-01  -1.9195471395780966e-02  
q[10]: 1.0097343823651400e-01  4.3849562601912673e-01  -2.0485874730779410e-01  
q[11]: 7.3876371086144685e-02  5.1876668239345358e-01  -4.7933801501669837e-01  
q[12]: 8.4245263718182736e-02  6.7916418603830675e-01  4.2516803156964801e-02  
q[13]: 2.4771124276023768e-02  6.1217176502575454e-01  -6.3709397897474895e-01  
q[14]: 4.6368879577535917e-02  7.2617340320814106e-01  -2.4892050355591303e-01  
q[15]: 2.8631238241204136e-02  8.6543661024035090e-01  1.4913376840638087e-01  
q[16]: 1.0836226353855398e-01  -1.7542810439177166e-02  -1.7798277714906779e-01  
q[17]: 8.9334630763983389e-02  -1.8725949075805937e-01  -4.2643175369486769e-01  
q[18]: 8.3158953089684351e-02  1.7913640879705592e-01  -4.3526622810735693e-01  
q[19]: 7.1880276982402805e-02  -2.0388430737293614e-01  -6.6903603209840257e-01  
q[20]: 6.1873980286936046e-02  1.5978900348741215e-01  -6.2140206823194533e-01  
q[21]: 2.8662973611468204e-02  2.8460793193630280e-02  -7.8803852257303642e-01  
q[22]: 4.6980242041678694e-02  3.6832773279497177e-01  -7.3160062964144179e-01  
q[23]: 2.4747779978294884e-02  -3.9751651012246392e-01  -7.8016981613205083e-01  
q[24]: 8.8283899228534315e-03  5.2688211551588560e-01  -7.9738957541773692e-01  
q[25]: 1.2118572678489718e-01  -2.9427909235484662e-01  4.4289491997894545e-02  
q[26]: 9.8787268098217140e-02  -4.5397313920273630e-01  -2.6189946901476047e-01  
q[27]: 6.9068322542232496e-02  -6.4616540946612644e-01  3.1976902222362845e-03  
q[28]: 3.4919244977711983e-02  -7.0578304156547267e-01  -2.5549365766435489e-01  
q[29]: 6.7141429234873679e-02  -5.1491157441930746e-01  -5.5788832336856353e-01  
q[30]: 2.2688359468127254e-02  -8.6598773827535769e-01  1.6234946438471506e-01  
q[31]: 2.1223093114554593e-02  -7.9316841928127479e-01  -2.2386578930331646e-02  
q[32]: 1.5677020852081166e-02  -6.8752536637480766e-01  -4.4603089960471443e-01  
q[33]: 1.5945233015234574e-02  -5.8548768412707297e-01  -7.3088765691425517e-01  
q[34]: 9.0435553158733445e-02  -1.2165466488590548e-01  5.1389832113246492e-01  
q[35]: 6.3886528767469350e-02  -3.4959690444809527e-01  3.3817360857782014e-01  
q[36]: 6.7156319037049397e-02  -5.7690083155790006e-01  2.6478875919548550e-01  
q[37]: 5.9668372852947626e-02  -9.5877444782633478e-02  7.6002970271701564e-01  
q[38]: 6.2037905093949852e-02  -4.3382903712505821e-01  5.6846259274258570e-01  
q[39]: 4.1252683498368893e-02  -7.6527961242626974e-01  3.3160893354442644e-01  
q[40]: 1.6545138908910805e-02  -2.8673310457449586e-02  9.3553569625010746e-01  
q[41]: 1.6695119409839983e-02  -2.7864331094891137e-01  7.8354396885455069e-01  
q[42]: 1.5138615801053201e-02  -6.4709773711099261e-01  5.1461042413746116e-01  
q[43]: 5.9920973235942305e-03  -9.1336283621918068e-01  3.3048583080148536e-01  

