deg: 5
dim: 4
nodes: 26
q[0]:  1.9485548834115050e-02  7.1805093654805308e-02  2.0616351755662304e-01  5.0876473400115163e-01  9.1167897669890294e-02  
q[1]:  1.9747908180606011e-02  1.7378690988729958e-01  1.3309025554410689e-01  5.8630514706960513e-01  5.0812794181672538e-01  
q[2]:  1.0408238372506316e-02  4.1428083320058103e-02  1.6264426481778282e-01  9.4518619055515840e-01  6.0105878248673328e-01  
q[3]:  1.9059712560105291e-02  1.8497644952762127e-01  5.3212478438864497e-01  1.8072893447809615e-01  1.0946261921925428e-01  
q[4]:  1.4068821265133841e-02  2.0895872065705984e-01  2.9993919486942661e-01  9.5164571794509945e-01  8.9203692087247835e-02  
q[5]:  2.2782508494574433e-02  1.8575261586977235e-01  6.2109366650219056e-01  9.0429607581658988e-01  4.4600273720150613e-01  
q[6]:  1.5000169316232248e-02  1.6001969362273211e-01  6.8450134033078525e-01  8.7544694424626024e-01  8.3293000700362829e-01  
q[7]:  1.8559827323837163e-02  1.1650062354565048e-01  8.5206496695896805e-01  7.9474333559883503e-01  1.3763051856502320e-01  
q[8]:  1.2866761832049795e-02  2.2283220068507591e-02  8.6855690622499282e-01  5.1236502105015325e-01  3.5613281750751913e-01  
q[9]:  1.0806049590708898e-02  4.8823217330569091e-01  4.4414636445962358e-02  1.8315341382728242e-01  1.0194934226305541e-01  
q[10]: 2.5685653060400600e-02  5.1557425188112438e-01  3.2820521681374400e-02  8.0422166628654534e-01  2.2890793682010807e-01  
q[11]: 1.9573428373392883e-02  5.5915687072719111e-01  1.7644516066938512e-01  9.2931266818356828e-01  8.2025432695175404e-01  
q[12]: 2.3965092636705487e-02  5.5060968708134117e-01  5.6995208427886357e-01  6.0701732047318868e-01  2.6917740728096908e-02  
q[13]: 6.4343512267193884e-02  4.6065478492311984e-01  5.0870912237250543e-01  6.4667742374317461e-01  3.7625705637856899e-01  
q[14]: 1.5371798941318909e-02  4.1448237308163277e-01  9.3584416775615009e-01  3.0575697372038252e-01  5.3481631328938795e-02  
q[15]: 1.6801632641085990e-02  5.9873759012533179e-01  9.1034538177620472e-01  4.9770467669234630e-01  4.5094531806543797e-01  
q[16]: 1.4521298402010798e-02  4.5730340058319746e-01  9.9080881718217129e-01  9.3162639931117408e-01  6.2748351655210277e-01  
q[17]: 2.5255547088920353e-02  8.4167901464956385e-01  2.4488459378632033e-01  3.7483883761705683e-01  1.0639323784527027e-01  
q[18]: 1.5926496333611057e-02  8.0008055954817625e-01  3.4191806893355531e-01  4.7857083051615085e-01  4.5529716204602066e-01  
q[19]: 1.1632437080209132e-02  9.7277945529560184e-01  6.9466257092534192e-02  7.3798378924054930e-01  5.2878579454496477e-01  
q[20]: 1.0765634053883581e-02  8.7439604885985855e-01  7.1259695501495202e-01  1.4488938582959568e-01  9.2031430612547413e-02  
q[21]: 9.1902534323799068e-03  9.3421433778068119e-01  2.4736806946114479e-01  8.5313987964066207e-01  3.1876530148042904e-02  
q[22]: 2.5904639886595877e-02  8.1353483445315844e-01  4.1992531320257742e-01  9.5745309493932107e-01  4.1801498932496894e-01  
q[23]: 1.8249084240923797e-02  8.7825782448420509e-01  7.1786757349923280e-01  8.8124754027882879e-01  7.7780312745343572e-01  
q[24]: 2.4725366522323024e-02  9.3627415162897265e-01  8.5827943070964297e-01  6.5529845142309751e-01  2.3833719478958312e-01  
q[25]: 1.5302579269175711e-02  6.7012289674168168e-01  8.5429945925736539e-01  9.3839228353218707e-01  1.1605489302725921e-01  

