deg: 5
dim: 2
nodes: 8
q[0]: 2.6488207459057955e-01  -6.3643220065053840e-01  4.5843801178095861e-01  
q[1]: 3.3820508148678069e-01  -6.7462238528295615e-01  -3.0214978299208750e-01  
q[2]: 3.9582968225949461e-01  -1.3832161064622037e-01  1.7338225211581898e-01  
q[3]: 3.0012126733980055e-01  7.8466471977403002e-02  7.5744935283447912e-01  
q[4]: 3.9582968225949883e-01  1.3832161064621848e-01  -1.7338225211581618e-01  
q[5]: 3.0012126733980093e-01  -7.8466471977402905e-02  -7.5744935283447878e-01  
q[6]: 2.6488207459057994e-01  6.3643220065053818e-01  -4.5843801178095855e-01  
q[7]: 3.3820508148678063e-01  6.7462238528295626e-01  3.0214978299208756e-01  

