deg: 6
dim: 2
nodes: 11
q[0]:  1.7359904544300456e-01  2.4657285201993154e-01  7.3565209212742178e-01  
q[1]:  3.0256029886516889e-01  3.6211963926088514e-01  -3.5086969740613855e-01  
q[2]:  2.9362890236447664e-01  5.0572769290397834e-01  1.8550385068587980e-01  
q[3]:  9.0819476300741095e-02  6.5565203689853557e-01  -5.6225882341721356e-01  
q[4]:  9.6044226580138461e-02  8.3656926760900641e-01  2.2610893286624903e-01  
q[5]:  3.5861020823285128e-01  -2.6343912560502647e-01  -2.7642087395339310e-01  
q[6]:  1.5008611367815189e-01  4.7824545883223706e-02  -7.7417334515241421e-01  
q[7]:  2.4519478149039550e-01  -7.3305318046343226e-01  1.7445908617135747e-01  
q[8]:  1.5323825345267497e-01  -5.7024932129343198e-01  -5.7723733409556011e-01  
q[9]:  3.8244211564419078e-01  -1.1263273246045652e-01  3.0951111694188127e-01  
q[10]: 1.3141786868608982e-01  -3.2920366421767405e-01  7.3016976772862130e-01  

