deg: 5
dim: 2
nodes: 7
q[0]: 2.6576789357421804e-01  2.9056922740686836e-01  6.6172094897430989e-01  
q[1]: 6.2578710641668722e-01  1.5985460684560720e-15  2.8205651442591933e-14  
q[2]: 3.0266275215269084e-01  7.1634437030263032e-01  9.5686118967134692e-02  
q[3]: 3.1518072486802018e-01  -3.7935310678474604e-01  -6.1513926114337092e-01  
q[4]: 3.1720767624202617e-01  3.9959416746188675e-01  -6.0218733925391399e-01  
q[5]: 2.9460720614376462e-01  -7.2025043342807837e-01  5.9534892071207393e-02  
q[6]: 2.5642793134047664e-01  -3.4720598435548544e-01  6.3383995981242303e-01  

