deg: 6
dim: 3
nodes: 23
q[0]:  1.8999176860076924e-03  1.3235465412931335e-01  9.2601147511126400e-02  4.7047933773316251e-02  
q[1]:  8.1807374114588466e-03  3.9271289806478565e-01  1.2934609601412339e-01  6.4768324600087177e-02  
q[2]:  6.5643847212439347e-03  3.9384415147833296e-01  3.3330958063132987e-01  5.4529647322490910e-02  
q[3]:  5.9431702907534207e-03  5.1196496257593505e-01  4.2554890271482415e-01  2.1415102948684514e-01  
q[4]:  6.5395503259525348e-03  3.9703385442852912e-01  3.3644560451160926e-01  2.8229609084801521e-01  
q[5]:  7.3936318982542439e-03  7.2458733147379251e-01  1.2018098273165755e-01  6.0045170754978200e-02  
q[6]:  1.0927170709418619e-02  6.7431489183496751e-01  3.5900594234746436e-01  4.3283331203446643e-02  
q[7]:  1.0909003086189650e-02  6.7475964354531692e-01  3.5922029612451806e-01  3.1604328278076405e-01  
q[8]:  1.7953137403278543e-02  7.7759168676353629e-01  5.5520092839961743e-01  2.7749315427989080e-01  
q[9]:  8.5039857937531209e-03  7.3188452177311059e-01  6.6697048521663882e-01  6.7605401288770073e-02  
q[10]: 6.9934757936253146e-03  7.0057868429889403e-01  6.7895822846491605e-01  3.3957028678006251e-01  
q[11]: 8.4828214323289085e-03  7.3520002975616383e-01  6.7025671669039610e-01  6.0268301492547338e-01  
q[12]: 1.6990920913938913e-03  9.5869193930060503e-01  8.2158514369407909e-02  4.0541246638622658e-02  
q[13]: 8.0254371835011672e-03  9.3435504447292983e-01  3.3045837961625651e-01  6.2340909405498482e-02  
q[14]: 3.9848202542294552e-03  7.7301950913590256e-01  3.5539427094634402e-01  1.7820000950698192e-01  
q[15]: 8.0044551241030253e-03  9.3452674049134166e-01  3.2836783668403197e-01  2.6596453482777838e-01  
q[16]: 8.2896964273965913e-03  9.3460035605452618e-01  6.6330663554733182e-01  6.3815921239326140e-02  
q[17]: 8.8644615524370290e-03  9.6964794775392960e-01  6.3505169814906959e-01  3.1713002637310284e-01  
q[18]: 8.3171898945300412e-03  9.3475131632536368e-01  6.6136146727304634e-01  5.9726970285969838e-01  
q[19]: 1.6041441107166030e-03  9.5908742880843112e-01  9.1936419170860584e-01  3.6919587323604307e-02  
q[20]: 7.9777021093385518e-03  9.3965272817874523e-01  8.7364363336905360e-01  2.6665890404980169e-01  
q[21]: 7.9925834693066519e-03  9.3981739539139664e-01  8.7360231833741464e-01  6.0484101594423700e-01  
q[22]: 1.6160978974488259e-03  9.6064964975880429e-01  9.1984494012003437e-01  8.8188076908354507e-01  

