deg: 11
dim: 2
nodes: 28
q[0]:  1.6769216047856048e-01  2.5938901916132751e-01  1.6766443027285285e-01  
q[1]:  1.0976141792180799e-01  6.0678586632900422e-01  2.7949351136358297e-01  
q[2]:  1.4059177241736973e-01  1.5826235702939367e-01  5.5653565950855455e-01  
q[3]:  3.2937676295902572e-02  8.4874635892560157e-01  3.2979910616002900e-01  
q[4]:  6.2370080374024424e-02  5.0545969018675774e-01  5.6698578108232678e-01  
q[5]:  4.9030211696933827e-02  1.5065717855797708e-01  8.2654400463779432e-01  
q[6]:  1.3413169353629631e-01  5.7879738799011993e-01  -1.3566508391061918e-01  
q[7]:  5.1170443944044616e-02  6.7248515269905629e-01  -4.2300560257533798e-01  
q[8]:  4.6858570982133620e-02  8.2615211307891001e-01  5.4616918218156181e-02  
q[9]:  1.6993665308567873e-01  1.6364649079350055e-01  -2.4534109811859764e-01  
q[10]: 1.3391919294162652e-01  -1.1435018531981364e-01  -5.7900494864135088e-01  
q[11]: 1.2101738001159061e-01  3.6447164369486107e-01  -5.4884341624328425e-01  
q[12]: 5.6516946242144511e-02  -3.7174774978558628e-01  -7.5082140732008595e-01  
q[13]: 5.3610720213675578e-02  1.2829567094625244e-01  -7.7270116242873388e-01  
q[14]: 4.1027059573961397e-02  5.2308906070413208e-01  -7.3744714089776264e-01  
q[15]: 1.4237756671946372e-01  -2.3751187627228396e-01  -1.8438563804902755e-01  
q[16]: 1.0474783791268644e-01  -5.5450590982655268e-01  -6.4614764066740202e-02  
q[17]: 7.2095671063040087e-02  -4.6011840582938379e-01  -4.3942901380965899e-01  
q[18]: 4.5414057746001164e-02  -8.5311239261590710e-01  2.8120603857651205e-01  
q[19]: 6.0190182561718666e-02  -6.1618126070055668e-01  -4.6248665161922625e-01  
q[20]: 5.3452572472078234e-02  -7.8493588801998415e-01  -7.1586086047766742e-02  
q[21]: 1.6589453648828151e-02  -6.0271728016987236e-01  -7.1876385205997362e-01  
q[22]: 1.6355250587795334e-01  -1.6499738941854325e-01  1.9727480716749410e-01  
q[23]: 1.0392176336410790e-01  -2.7483464129555307e-01  4.9800404501366863e-01  
q[24]: 1.1168299340453747e-01  -6.0006907583116909e-01  2.6983984879184220e-01  
q[25]: 7.2508225314784208e-02  -1.8041806484852194e-01  7.4809716746022314e-01  
q[26]: 4.3324620024279323e-02  -5.6564292281469020e-01  5.6084032969345865e-01  
q[27]: 1.7211860912654194e-02  -5.2094158014976646e-02  9.3437721958404119e-01  

