deg: 7
dim: 2
nodes: 14
q[0]:  2.5224485799301433e-01  2.3625287088955904e-01  4.7414709928130327e-01  
q[1]:  6.6848936690777794e-02  6.4913700552341214e-01  4.7737197052550995e-01  
q[2]:  8.8520708674279053e-02  9.2609281403035315e-02  8.5133513319596288e-01  
q[3]:  3.3818692870039796e-01  3.4458685066013184e-01  -9.0532796014376971e-02  
q[4]:  1.0529167680395422e-01  6.8062331865941772e-01  -3.6114399457397944e-01  
q[5]:  1.2651612411632493e-01  7.7843206613908977e-01  1.8191617245140759e-01  
q[6]:  2.7577346381485451e-01  -6.1006807037060150e-02  -5.0491265045429301e-01  
q[7]:  8.9326291661044624e-02  -3.7738718848057490e-01  -7.6217228489335109e-01  
q[8]:  1.3743513304870050e-01  3.8753139379432433e-01  -7.0872930387383815e-01  
q[9]:  2.5023426103446422e-01  -3.7709801619390931e-01  -5.5550406079283174e-02  
q[10]: 1.5630763269863104e-01  -7.7079031076388882e-01  2.4163544878073218e-01  
q[11]: 1.3990915405225887e-01  -6.5127223332988959e-01  -3.8558342499656723e-01  
q[12]: 2.1134861273206468e-01  -2.2189177536744664e-01  2.8957640526313216e-01  
q[13]: 1.3969750871711722e-01  -3.4170638386457369e-01  6.6112445924524310e-01  

