deg: 6
dim: 3
nodes: 26
q[0]:  2.1458990695515837e-02  3.3197684233445594e-02  2.0522269361214138e-01  1.5049263062058160e-01  
q[1]:  2.5117186436515261e-02  1.2201589949810494e-01  1.7223205388362063e-02  6.1555302594086303e-01  
q[2]:  2.5205928292345459e-02  4.7124339107064581e-02  2.9793403980839245e-01  9.1525789529837898e-01  
q[3]:  2.6889503100965412e-02  1.2661532116595564e-01  6.1488039735905364e-01  5.6390865865130368e-02  
q[4]:  4.2083210906560260e-02  6.6083163408420451e-02  6.4076059546033381e-01  4.5944162967025465e-01  
q[5]:  2.2022157881848008e-02  4.4695458068937599e-02  8.8003056825995885e-01  6.9563970076278847e-01  
q[6]:  2.5990148512441653e-02  4.1451973943860893e-01  6.5377096112551478e-02  5.3105370647365910e-02  
q[7]:  7.3057522258596658e-02  2.7683509578421567e-01  2.4501875300184470e-01  3.5220787744430881e-01  
q[8]:  8.6936081227994094e-02  3.1506606968656159e-01  4.5232464702252867e-01  7.5261673349646274e-01  
q[9]:  3.5527491372699921e-02  5.1248427061018320e-01  6.6451267493082589e-01  4.5496769087217365e-02  
q[10]: 7.6961510391437671e-02  4.3587647093253967e-01  7.6144336583370908e-01  3.6772478693092447e-01  
q[11]: 3.3477151114514367e-02  2.4909740457216775e-01  8.5555924333292810e-01  9.4281506767138756e-01  
q[12]: 2.4068803388698028e-02  1.7032217162118959e-01  9.7500109620569442e-01  1.7106871936707868e-01  
q[13]: 6.0467654389911488e-02  6.7977016141369662e-01  1.1623465227483262e-01  6.2695560544712658e-01  
q[14]: 2.8916825135015350e-02  4.6484653154050770e-01  9.8748367121199124e-02  9.4951825087190611e-01  
q[15]: 7.8957883122972555e-02  7.0269882745769641e-01  3.5365014704631403e-01  2.2796474476832571e-01  
q[16]: 4.8498031995657775e-02  7.4917534000378438e-01  5.5465928895007055e-01  7.1283453757220527e-01  
q[17]: 2.8763404242788844e-02  8.2365519218754835e-01  9.2095773706006046e-01  1.1163851547161513e-01  
q[18]: 4.8811832084491198e-02  5.8312901807207618e-01  9.4937315861364413e-01  6.4589068848529296e-01  
q[19]: 2.0582738395357413e-02  8.9281132156981957e-01  2.2165305939010466e-02  2.6690027220496831e-01  
q[20]: 1.8444973363105320e-02  9.5339982796959510e-01  1.5901351437756134e-01  9.0534797251641319e-01  
q[21]: 2.5632639177105471e-02  9.5894855449134531e-01  3.5466071383048636e-01  6.1821885533156562e-01  
q[22]: 1.7092686342268324e-02  9.5152783649801509e-01  3.4104266661005966e-01  2.8617117246647179e-02  
q[23]: 4.6929858754457036e-02  9.3662378018654202e-01  7.3924377505600181e-01  4.0234791070273174e-01  
q[24]: 4.1861838345175331e-02  7.3542100059808935e-01  6.1723398065571944e-01  9.4879714232471846e-01  
q[25]: 1.6243949071561237e-02  9.3688535073055634e-01  9.3290784326057463e-01  8.6957252910880223e-01  

