deg: 5
dim: 2
nodes: 7
q[0]: 2.7604851035021660e-01  2.4302539779115340e-01  6.8062011890313578e-01  
q[1]: 3.1806291282756649e-01  4.1693610032740996e-01  -5.9031294960473124e-01  
q[2]: 3.0828607572171024e-01  7.1196207087471974e-01  1.2415756063586071e-01  
q[3]: 6.2578710641669189e-01  -1.7863256917194771e-16  -1.1680266758843819e-17  
q[4]: 3.1220053808787124e-01  -3.5911658668034296e-01  -6.2716853189420052e-01  
q[5]: 2.8554887988836836e-01  -7.2240513685367214e-01  2.0878421269215866e-02  
q[6]: 2.5170726744545896e-01  -4.0041884461312127e-01  6.0163929318650766e-01  

