deg: 3
dim: 6
nodes: 15
efficiency: 0.8

q[0]:  1.4928417311780785e-03  4.9905803896409312e-01  2.8054496683439811e-01  5.1367413889789264e-02  3.4843653259587049e-01  3.2485609456503328e-01  1.9338225239207404e-01  
q[1]:  2.0172657529189701e-03  5.0653829036757669e-01  2.8554141556963830e-01  1.7950893656014946e-01  8.6613370222767205e-01  8.6364827290797530e-01  2.8616599282406341e-01  
q[2]:  1.5027814050606249e-03  4.3545571985110215e-01  2.3699245822880505e-01  1.2940765215730152e-01  8.8069280152261631e-01  6.7626098758836983e-01  6.2677186840417209e-01  
q[3]:  2.2534373326483195e-03  3.6174925991221918e-01  3.3097218870822892e-01  1.8074752396244467e-01  7.6157173988755700e-01  3.0898803560011651e-01  5.0290553428204016e-02  
q[4]:  1.8030034127095747e-03  8.7301981034847809e-01  1.8482833845532329e-01  1.5746579827642826e-01  5.8568069425095659e-01  3.7661684608398671e-01  9.9973882666173852e-02  
q[5]:  2.1600477311314158e-03  7.2552022239145630e-01  2.2378677534210864e-01  8.1329623732679934e-02  8.8506428284756855e-01  3.3677488444112186e-01  2.5509493236210046e-01  
q[6]:  1.3756444398731402e-03  8.4547507552362844e-01  4.0587079207284105e-01  8.6649132227058751e-02  9.6562644173402257e-01  6.9973604020685620e-01  1.9902363408384229e-02  
q[7]:  1.8444283173808113e-03  9.9237999610730754e-01  4.4913452161573481e-01  1.9439486637276743e-01  8.4319543878734959e-01  7.9423587205913937e-01  6.0417052668914173e-01  
q[8]:  2.5257617803292774e-03  9.0363786126233703e-01  6.7323503177609578e-01  1.3575570763900663e-01  4.7421845305092730e-01  2.5338732475151088e-01  1.3509660929179060e-01  
q[9]:  1.5117291876120748e-03  9.1072732460944450e-01  7.3325987511721691e-01  3.6320849118294951e-01  8.7403498085731346e-01  1.3481826690944290e-01  7.8175193414855695e-02  
q[10]: 2.0195188283083595e-03  8.0087370770577238e-01  7.3848264690596088e-01  4.5284647308862030e-02  9.1833686435236428e-01  6.5996104070488004e-01  3.5708840264335845e-01  
q[11]: 1.6187159566580563e-03  8.0519193011397250e-01  6.2568059173342216e-01  5.9132656597091993e-01  3.9475511615633635e-01  2.1212395625731645e-01  1.5346569642536903e-01  
q[12]: 1.6047986714383216e-03  9.0604053342513280e-01  8.3538723483832700e-01  4.5883173267796590e-01  6.7530270298541684e-01  6.3038406894494659e-01  5.4902484676450231e-02  
q[13]: 2.4275569053059552e-03  8.7355190069384492e-01  6.8258185771718927e-01  6.2580737280756116e-01  9.4307877725000655e-01  6.1933221578894071e-01  2.6663753533366996e-01  
q[14]: 1.6202463252247992e-03  8.0712802227424452e-01  7.8876411520681711e-01  4.7549446793338812e-01  7.9568521236819079e-01  6.6662297491968237e-01  6.0849115860416725e-01  

