deg: 2
dim: 6
nodes: 7
efficiency: 0.571429

q[0]: 3.3854256026982915e-03  3.9798700818958810e-01  2.7230052459704557e-01  2.0623936586854508e-01  7.2142366397519675e-01  1.3202213529108012e-01  3.9309185165935220e-02  
q[1]: 5.5493591051108083e-03  5.4374561601291793e-01  2.8739460356526203e-01  3.4790341185127548e-02  7.7195108430559523e-01  7.5101902314507962e-01  4.9151968402607071e-01  
q[2]: 3.3965667425312975e-03  9.5439678483296242e-01  1.9959387721036095e-01  9.7032333886403005e-02  7.5049907695344265e-01  4.0781016524855818e-01  1.5738923243599978e-01  
q[3]: 3.4927140685745042e-03  9.2701014290726591e-01  8.0290942319720615e-01  7.2844081623504156e-02  8.0577781136036752e-01  3.8558334464101079e-01  1.9302835761978629e-01  
q[4]: 3.6372508094126288e-03  8.4895895791420761e-01  6.7037904236745294e-01  4.1612068991815881e-01  2.8965481272882559e-01  2.5854242408239231e-01  1.1579894668932787e-01  
q[5]: 3.7580368077487908e-03  7.4778723670146030e-01  5.9068722219973768e-01  3.7806219138970365e-01  9.1408641912495925e-01  7.5327193172622797e-01  4.0336658717191089e-02  
q[6]: 4.5584246417014569e-03  8.9745826675514428e-01  7.0896244083432158e-01  5.5608356473140463e-01  9.3343302421965313e-01  6.0792261179031881e-01  5.0504170104238333e-01  

