deg: 3
dim: 3
nodes: 8
efficiency: 0.625

q[0]: 1.2500000000000017e-01  2.1132486540518708e-01  2.1132486540518708e-01  2.1132486540518708e-01  
q[1]: 1.2500000000000006e-01  2.1132486540518708e-01  2.1132486540518708e-01  7.8867513459481298e-01  
q[2]: 1.2500000000000006e-01  2.1132486540518708e-01  7.8867513459481298e-01  2.1132486540518708e-01  
q[3]: 1.2499999999999994e-01  2.1132486540518708e-01  7.8867513459481298e-01  7.8867513459481298e-01  
q[4]: 1.2500000000000006e-01  7.8867513459481298e-01  2.1132486540518708e-01  2.1132486540518708e-01  
q[5]: 1.2499999999999994e-01  7.8867513459481298e-01  2.1132486540518708e-01  7.8867513459481298e-01  
q[6]: 1.2499999999999994e-01  7.8867513459481298e-01  7.8867513459481298e-01  2.1132486540518708e-01  
q[7]: 1.2499999999999983e-01  7.8867513459481298e-01  7.8867513459481298e-01  7.8867513459481298e-01  

