deg: 4
dim: 3
nodes: 10
efficiency: 0.9

q[0]: 1.1792361969317526e-01  2.1761952481917390e-01  2.3626358442815007e-01  8.6345876803802923e-01  
q[1]: 1.0395015116378747e-01  1.7284832430188651e-01  1.7972393195247593e-01  1.8092361602050477e-01  
q[2]: 8.1044202012911473e-02  1.6586023020281632e-02  7.6194123072733766e-01  5.4134236550120740e-01  
q[3]: 9.0148247687647079e-02  4.5201416245720710e-01  8.9596939161225031e-01  8.8602348309279177e-01  
q[4]: 8.5362533878648256e-02  7.2535261481810065e-01  1.6586022497015181e-02  5.5902544640764573e-01  
q[5]: 9.8347066193842453e-02  8.9077300186592467e-01  4.4447730169484889e-01  8.6937008876923483e-01  
q[6]: 2.2291826672857848e-01  5.3176701490437706e-01  5.7234875987855605e-01  3.9832711281278504e-01  
q[7]: 7.3730349803691655e-02  8.7339322780525364e-01  3.1882806531039803e-01  6.7645580302708286e-02  
q[8]: 5.8505274979617446e-02  3.2715613941185201e-01  8.8666486338336392e-01  2.7214986705271241e-02  
q[9]: 6.8070287858100431e-02  9.2078419048878390e-01  9.2313242503059745e-01  3.9709963570017370e-01  

