deg: 6
dim: 3
nodes: 23
efficiency: 0.913043

q[0]:  2.5916304336409349e-02  7.5516468418091107e-02  9.3784930035572076e-02  1.8996219227795294e-01  
q[1]:  1.8764814250947861e-02  1.4276346910106921e-01  7.2627507153667142e-02  9.3410947112703191e-01  
q[2]:  3.8236777259311718e-02  1.7640492570551333e-01  3.0950592170055796e-01  2.9150084069660115e-01  
q[3]:  4.3880355327659631e-02  3.1765511452210272e-02  3.9349253419023045e-01  7.1038194117950126e-01  
q[4]:  3.4571665659303794e-02  1.8952391733033183e-01  7.4058496316403266e-01  9.6447907849473502e-01  
q[5]:  2.6145856819810208e-02  2.9761667809295362e-02  8.0980143470075427e-01  1.6089794236336122e-01  
q[6]:  2.0046278993004738e-02  9.3762036831482806e-02  9.8532031003740628e-01  7.0150546814080705e-01  
q[7]:  5.9919291272494603e-02  3.4824872015694930e-01  8.3467168372503356e-02  5.8816208196000652e-01  
q[8]:  9.2091584547035310e-02  5.2095091770168789e-01  3.7409958645794039e-01  8.6227542092070908e-01  
q[9]:  3.5467287335381639e-02  2.6361493970052541e-01  4.6991132836274158e-01  1.4679727871644524e-02  
q[10]: 4.2985826268409688e-02  4.4145854057270023e-01  9.4600772253532506e-01  1.5274702290612499e-01  
q[11]: 1.0307234073900925e-01  2.7341121025933113e-01  7.0046964325032457e-01  4.8077974289517578e-01  
q[12]: 1.7568426987250363e-02  6.0548680309746483e-01  1.5703335512215883e-02  4.4711093708968988e-02  
q[13]: 8.9724674845250540e-02  6.0718783312535884e-01  3.1774542046131921e-01  2.3947850746775243e-01  
q[14]: 6.0314103741452386e-02  6.1866575095843190e-01  9.0466278624069729e-01  7.7886347415460033e-01  
q[15]: 7.9772046552964826e-02  7.6052455800396046e-01  6.6585562838160373e-01  4.3153722426822394e-01  
q[16]: 4.5124767235305417e-02  8.4186172086887867e-01  8.2481895399534627e-02  5.6096428823738020e-01  
q[17]: 1.7753383610414179e-02  8.3505379388869028e-01  9.4063128981138250e-02  9.6830836176035684e-01  
q[18]: 2.6557155944354916e-02  9.7293754738790439e-01  2.2997166997394908e-01  1.5325560719083062e-01  
q[19]: 4.8498322517094843e-02  9.4461827842276624e-01  4.8663712340303972e-01  7.4500967738292667e-01  
q[20]: 3.7871555222491589e-02  8.3854305801405249e-01  7.3492366642983353e-01  5.8133015056145515e-02  
q[21]: 1.6160690177536574e-02  8.9574083039819796e-01  8.2371329611854338e-01  9.8197892809751619e-01  
q[22]: 1.9556490357106621e-02  9.6480796364842270e-01  9.6557041435465329e-01  4.0266421746402870e-01  

