deg: 2
dim: 3
nodes: 4
efficiency: 0.75

q[0]: 2.9218736570164472e-01  3.1730677775017130e-01  3.0102739604202561e-01  1.4096674490904290e-01  
q[1]: 2.4051765599742886e-01  1.4402804986913481e-01  7.4171336080969552e-01  7.7928515729317305e-01  
q[2]: 2.3419595435724080e-01  7.3625716478935699e-01  1.4939320118756802e-01  8.0618862399135183e-01  
q[3]: 2.3309902394368570e-01  8.5893637300543046e-01  8.5226077953857238e-01  3.5424148579915493e-01  

