deg: 7
dim: 3
nodes: 34
efficiency: 0.882353

q[0]:  1.4629599882328906e-02  8.6839785981227491e-02  1.7912120886109373e-01  7.5798494484052667e-02  
q[1]:  2.1504782207786760e-02  5.1779129610166119e-02  7.3661912105297475e-02  4.5939969674644771e-01  
q[2]:  2.0738880514819383e-02  7.5333764202272849e-02  2.2225491834788172e-01  9.3335464420906988e-01  
q[3]:  2.6182093698580496e-02  7.0114094574674782e-02  5.4297891984217528e-01  1.1639329504969499e-01  
q[4]:  4.4827486788474473e-02  6.5850069417462354e-02  5.5480968306295142e-01  6.4329849858421806e-01  
q[5]:  1.0294712665723587e-02  1.8523919547553933e-01  6.7597032625349629e-01  4.8485601622546226e-01  
q[6]:  1.7598231778012233e-02  4.1365494117306452e-02  9.3255667987587754e-01  2.9984214313235452e-01  
q[7]:  2.2327305290429686e-02  9.7082197273505047e-02  8.7073605546701294e-01  9.0158640745517671e-01  
q[8]:  1.7257911972484250e-02  3.6028444674744581e-01  4.1063679998620879e-02  7.9889165428675871e-02  
q[9]:  2.4601330366727642e-02  3.1848847633344790e-01  2.8589913341479062e-02  8.1555869476783582e-01  
q[10]: 6.3495690021341783e-02  2.9216837765049158e-01  2.8149180239832300e-01  3.2529499030566039e-01  
q[11]: 4.3743414004357509e-02  3.2856547811676701e-01  2.8932218637178991e-01  6.9197317274246173e-01  
q[12]: 5.7132347512399609e-02  3.4877197433660306e-01  7.0698006754540021e-01  3.0051397800027357e-01  
q[13]: 4.5113598745700825e-02  4.0033941498971592e-01  5.7493789507661586e-01  9.4738634321860138e-01  
q[14]: 2.0602474401552318e-02  2.6554096679633304e-01  8.7127227295392506e-01  2.9130028991414435e-02  
q[15]: 3.9343708676720920e-02  3.3258972625456518e-01  9.4055281587684159e-01  6.1588501551485453e-01  
q[16]: 1.0294712665723587e-02  3.2637453390751142e-01  7.3134780263224075e-01  7.2843961827181403e-01  
q[17]: 3.8911379772004588e-02  6.6897588184088896e-01  5.9066168013963999e-02  3.8610745204998542e-01  
q[18]: 2.0405397045947734e-02  7.3479956291837079e-01  1.2779601464536749e-01  9.7111825284102171e-01  
q[19]: 4.5615700195803549e-02  5.9952389624351687e-01  4.2469035133527039e-01  5.3296825340836664e-02  
q[20]: 1.3557754514946934e-02  6.5829768743518735e-01  2.7196737678299499e-01  3.1833921933912324e-01  
q[21]: 4.7660986063413166e-02  6.4147549152708871e-01  2.9040594587677687e-01  7.1464669194827324e-01  
q[22]: 4.1900188768642890e-02  6.7621995833254733e-01  7.1443416943028604e-01  2.9859827218156465e-01  
q[23]: 6.5719007661534379e-02  7.0223645028984572e-01  7.1652483717714466e-01  6.7039360807721271e-01  
q[24]: 2.4422771881500396e-02  6.8129931711502090e-01  9.7184625017663318e-01  1.8375253018516105e-01  
q[25]: 1.7093613306816767e-02  6.4184184352023332e-01  9.5888060722667112e-01  9.2156421135470534e-01  
q[26]: 2.2700112832398266e-02  9.0198485003187212e-01  1.2991183527554662e-01  9.9160401840185958e-02  
q[27]: 1.7428006355260931e-02  9.5953347955087265e-01  6.7404844888148283e-02  7.0017988396999642e-01  
q[28]: 1.5342750166508224e-02  7.6782809274023323e-01  3.0938095205680788e-01  6.1251429971423099e-01  
q[29]: 4.6735695763838007e-02  9.3239230579715904e-01  4.4313805464197864e-01  3.5958748819398156e-01  
q[30]: 2.5768694954518827e-02  9.3013092164097178e-01  4.5762868316744942e-01  8.8530252778713703e-01  
q[31]: 2.0451277989315567e-02  9.2584359181637310e-01  7.7767811297795286e-01  6.5978049012653833e-02  
q[32]: 2.1593220133777517e-02  9.4779523745030025e-01  9.2625412133047913e-01  5.4011491221533847e-01  
q[33]: 1.5005161400608296e-02  9.1267377077165990e-01  8.1953341814835345e-01  9.2143504602388593e-01  

