deg: 5
dim: 3
nodes: 16
efficiency: 0.875

q[0]:  6.0860120449069695e-02  1.0921412989752965e-01  5.7464827335613089e-01  9.1441304384784927e-02  
q[1]:  6.5021493253902843e-02  1.0291097384602775e-01  1.1234566313576162e-01  4.0651240423770024e-01  
q[2]:  1.2202572121219522e-01  4.5692801804851585e-01  5.0822764927980080e-01  4.5496911707926790e-01  
q[3]:  5.4820117827124912e-02  9.8448428288140072e-02  3.8649450786489453e-01  8.7737827227131227e-01  
q[4]:  5.0366499656913519e-02  1.4159800533946310e-01  9.2716869030702032e-01  4.2516310229421039e-01  
q[5]:  4.1995983682976738e-02  1.1146545333161699e-01  7.9411203083042725e-01  7.8184167974740981e-01  
q[6]:  5.9215886629140367e-02  4.8138035014608344e-01  1.3302232919812645e-01  7.3876336879317703e-02  
q[7]:  5.9142341057252919e-02  4.4169917436703193e-01  8.7919820891911873e-02  8.7886147442122298e-01  
q[8]:  9.5417997140021735e-02  5.5603192379921207e-01  4.8929673080723979e-01  5.5858023908135390e-01  
q[9]:  5.9215886629140353e-02  5.1861964985391662e-01  8.6697767080187360e-01  9.2612366312068228e-01  
q[10]: 4.1995983682976724e-02  8.8853454666838305e-01  2.0588796916957286e-01  2.1815832025259019e-01  
q[11]: 5.0366499656913519e-02  8.5840199466053690e-01  7.2831309692979671e-02  5.7483689770578950e-01  
q[12]: 5.4820117827124912e-02  9.0155157171185996e-01  6.1350549213510552e-01  1.2262172772868775e-01  
q[13]: 6.0571516984090870e-02  8.9115267407450127e-01  4.2528165941455731e-01  9.0894218172314467e-01  
q[14]: 5.9142341057252898e-02  5.5830082563296812e-01  9.1208017910808814e-01  1.2113852557877708e-01  
q[15]: 6.5021493253902843e-02  8.9708902615397224e-01  8.8765433686423834e-01  5.9348759576229970e-01  

