deg: 3
dim: 4
nodes: 8
efficiency: 0.875

q[0]: 1.2436314634658868e-01  1.9127907594871160e-01  1.8986507408137043e-01  7.6952549190414099e-01  2.3372188510636951e-01  
q[1]: 1.2622103759483735e-01  2.0872020683821457e-01  2.6412290619411216e-01  2.4022250802088971e-01  8.4948886295686155e-01  
q[2]: 1.2425817953231967e-01  2.0001776636029311e-01  7.8169993981653496e-01  2.0398802853130205e-01  2.2007849819931999e-01  
q[3]: 1.2515763652625428e-01  2.4840015228572943e-01  8.2007045467689466e-01  8.2508390370387563e-01  7.4796446305710695e-01  
q[4]: 1.2515763652625428e-01  7.5159984771427057e-01  1.7992954532310529e-01  1.7491609629612431e-01  2.5203553694289305e-01  
q[5]: 1.2622103759483735e-01  7.9127979316178543e-01  7.3587709380588784e-01  7.5977749197911026e-01  1.5051113704313837e-01  
q[6]: 1.2425817953231967e-01  7.9998223363970689e-01  2.1830006018346501e-01  7.9601197146869795e-01  7.7992150180067998e-01  
q[7]: 1.2436314634658867e-01  8.0872092405128837e-01  8.1013492591862957e-01  2.3047450809585895e-01  7.6627811489363051e-01  

