deg: 2
dim: 4
nodes: 5
efficiency: 0.6

q[0]: 1.8927317124030785e-01  3.0800570226879920e-01  2.4421225227903415e-01  1.1537196708396112e-01  8.2667951927111427e-01  
q[1]: 2.0668395097802034e-01  1.1314046313079686e-01  4.0600528653955609e-01  6.5893862072986853e-01  1.3108000859049779e-01  
q[2]: 1.8968059850708952e-01  4.1869612543496759e-01  8.7680924319321207e-01  7.9866622573194535e-01  8.4380905529643968e-01  
q[3]: 2.2302294434982115e-01  8.8687586739464574e-01  1.9578139853794183e-01  7.1917223293736288e-01  4.9212996600529635e-01  
q[4]: 1.9133933492476113e-01  7.3746606889459809e-01  8.3560941560723068e-01  1.5724810456042101e-01  2.4369861576634397e-01  

