deg: 4
dim: 4
nodes: 16
efficiency: 0.875

q[0]:  4.8222314165549271e-02  5.6346222436339362e-02  6.6501739458285955e-02  4.5404353854611451e-01  3.7534818606380566e-01  
q[1]:  5.9254825742246102e-02  1.8083101105750493e-01  3.1383420541837453e-01  1.7956985753601687e-01  8.9548132886051912e-01  
q[2]:  5.9036379431258855e-02  1.3385807327426280e-01  6.9266740782376113e-01  5.4373266245618324e-01  4.3057732569724352e-02  
q[3]:  6.0661639206273849e-02  7.1471525074140188e-02  6.9318381201899359e-01  8.4346884207745665e-01  7.6149111158112637e-01  
q[4]:  5.0231861221704130e-02  1.6713364659695035e-01  9.2083935821413532e-01  1.0501589684291389e-01  5.1384725081477156e-01  
q[5]:  5.8670650201710889e-02  4.4831718644433222e-01  2.8013482340321905e-01  3.6769309117905415e-02  1.4266475241878038e-01  
q[6]:  5.9749090437126000e-02  3.4536658822215122e-01  2.0041649686842647e-01  9.4609883579787113e-01  3.0036935216335736e-01  
q[7]:  1.6810402469219760e-01  4.9784993525241367e-01  5.5116245867919644e-01  4.6328098851672589e-01  5.3656127567014578e-01  
q[8]:  5.2780507954308636e-02  5.8159545545634039e-01  9.2533629700984055e-01  9.0838022495499626e-01  2.5750588346705944e-01  
q[9]:  5.9003005010101708e-02  8.3929937423643342e-01  4.4076899189918334e-02  2.9352489749184452e-01  5.9140390373384866e-01  
q[10]: 5.4395429750284080e-02  5.2882817393056836e-01  1.3860584435533194e-01  7.9481911331107880e-01  9.3287600533019921e-01  
q[11]: 5.9223544160034371e-02  8.3844070484090261e-01  2.4514137894529042e-01  6.7355890336404212e-01  7.3745945480498856e-02  
q[12]: 4.2031899672559582e-02  8.6398718270422792e-01  5.6915993249967090e-01  6.8087345474592317e-02  8.6070971824734421e-01  
q[13]: 4.6431927448150612e-02  6.0877302658842947e-01  9.6062978540548150e-01  5.3561057829897607e-01  9.4658107509765099e-01  
q[14]: 5.8616273823661025e-02  9.6322858329028160e-01  5.5788453254037140e-01  8.5999889539749041e-01  6.9244561575134889e-01  
q[15]: 6.3586627082833358e-02  8.7476732899422827e-01  8.3681538106509734e-01  2.4892208662143731e-01  2.1170049614253067e-01  

