deg: 2
dim: 3
nodes: 4
efficiency: 0.75

q[0]: 4.2594789417506378e-02  4.2214448343289174e-01  2.5243245071436982e-01  1.0317452408478170e-01  
q[1]: 4.0494207514410040e-02  8.9261828063100035e-01  3.0235706469461121e-01  1.5959625112932027e-01  
q[2]: 4.0480897793970044e-02  8.7202727135311286e-01  7.3956561197278325e-01  1.4790823078713461e-01  
q[3]: 4.3096771940780196e-02  8.2541049573427538e-01  7.0536690366008714e-01  5.7595468841606867e-01  

