deg: 7
dim: 3
nodes: 32
efficiency: 0.9375

q[0]:  3.6073877344677797e-03  1.8350498948386157e-01  1.2256444362059800e-01  6.6086048563704675e-02  
q[1]:  3.3403251876913086e-03  3.7956858089896872e-01  8.3851393474192806e-02  2.8078322430236186e-02  
q[2]:  6.9012714471329804e-03  5.0949897550121348e-01  2.2854084671354086e-01  1.8726300399378398e-01  
q[3]:  5.0822265759786871e-03  4.9770894719906661e-01  3.0477300665563040e-01  3.3632962705723503e-02  
q[4]:  1.0308315651101881e-02  5.7698627009735570e-01  4.0339961349071868e-01  1.7790618166266631e-01  
q[5]:  2.4070716136226507e-03  3.4905195233704939e-01  3.1473699520153631e-01  3.2499419725582776e-02  
q[6]:  4.5825273038103001e-03  4.8888298089520899e-01  4.6498043588370608e-01  2.0443834219835888e-01  
q[7]:  5.3793408882101216e-03  4.1991185665701697e-01  3.6504092060092086e-01  3.1488446362742867e-01  
q[8]:  3.1274063255875514e-03  7.0316367360809262e-01  7.8956291621828420e-02  5.2020010350484133e-02  
q[9]:  7.1008763286655972e-03  7.2039587759987700e-01  2.2904186157029899e-01  4.6164874120159911e-02  
q[10]: 9.2924762036671882e-03  8.1037748586130154e-01  4.0702580393330556e-01  2.1401332374118112e-01  
q[11]: 6.0941198657967202e-03  8.1414804083432590e-01  3.0800393714743235e-01  2.6731822969713831e-01  
q[12]: 6.8493629382872876e-03  7.9376514421900723e-01  5.2429886615337762e-01  4.1617553270343902e-02  
q[13]: 8.7511439547396756e-03  8.6093214568791598e-01  6.4635366047913356e-01  2.1063296148628333e-01  
q[14]: 8.9189720848938392e-03  7.7126434462247584e-01  6.2158804799752709e-01  4.3386379985707835e-01  
q[15]: 6.2181488307297824e-03  7.3579929255978826e-01  5.2151070155709178e-01  4.8005841253090015e-01  
q[16]: 5.3666377243464011e-03  6.9081292561999974e-01  6.4005057369958374e-01  5.4164481014699194e-02  
q[17]: 7.3070313228296574e-03  7.8768995168470868e-01  7.3933967679104062e-01  2.7204539153288032e-01  
q[18]: 4.2288835064188401e-03  7.2941068037073109e-01  7.0895177111352892e-01  5.3363691438202832e-01  
q[19]: 2.1132458957626387e-03  7.2341551896656708e-01  6.8076573638004312e-01  6.6151792250672647e-01  
q[20]: 3.5466611332690772e-03  9.4002297554145187e-01  1.2209421097901109e-01  6.1204726843207949e-02  
q[21]: 3.6046161513278953e-03  9.3960385562015636e-01  3.2281529361619782e-01  3.0147825376394773e-02  
q[22]: 5.8417917968796506e-03  9.6526314704419103e-01  4.6605555732458243e-01  1.8370661167421742e-01  
q[23]: 3.4845302255871744e-03  9.7006267435000826e-01  3.5578044744645432e-01  2.9982780883122950e-01  
q[24]: 3.4400484855962614e-03  9.6673585449731625e-01  6.6181570585855942e-01  4.9119317495772724e-02  
q[25]: 4.1112225212710449e-03  9.8030392498057117e-01  8.1102045100094489e-01  2.6911861634673145e-01  
q[26]: 7.4229087454529734e-03  9.5516893565535055e-01  6.8547589144082688e-01  4.7736348081540603e-01  
q[27]: 3.7661739735617042e-03  9.4676992461099696e-01  6.4959400045365034e-01  6.1447821530847402e-01  
q[28]: 3.5844304784480203e-03  9.3534277981557212e-01  8.7241313177416679e-01  5.5749696146232312e-02  
q[29]: 2.1132477112708122e-03  9.5379409694967932e-01  9.3623691002713649e-01  2.7495032398021824e-01  
q[30]: 5.1751663342091969e-03  9.4897927494997458e-01  8.9768023822261167e-01  5.8126041095815406e-01  
q[31]: 3.5990977260519637e-03  9.4423594456242899e-01  8.8294532729453479e-01  8.1636070629822333e-01  

