deg: 3
dim: 3
nodes: 6
efficiency: 0.833333

q[0]: 2.3231362475333823e-02  4.2742496823857529e-01  2.1846385370790058e-01  1.9087660415585603e-01  
q[1]: 2.1066952869001246e-02  4.5120498955456123e-01  4.0793358057127876e-01  1.0799490049336831e-01  
q[2]: 2.5083503481531513e-02  7.6818948398655662e-01  2.4917799424665713e-01  3.5013847088576862e-02  
q[3]: 2.1066952869001246e-02  9.4182917402966670e-01  3.4778851236191244e-01  2.5016141403927999e-01  
q[4]: 3.5802293552734732e-02  8.9490368380661789e-01  7.4576333076724066e-01  1.5568875957796385e-01  
q[5]: 4.0415601419064071e-02  8.5152419781509392e-01  7.2712177572935177e-01  5.7489670931597670e-01  

