deg: 4
dim: 3
nodes: 11
efficiency: 0.818182

q[0]:  9.5122491846654136e-03  2.4348610773250617e-01  1.6336259142077622e-01  8.7953513351337692e-02  
q[1]:  1.6440168392445463e-02  5.8543402292724611e-01  1.7084841897423919e-01  6.2020574219084051e-02  
q[2]:  1.4249834817659183e-02  6.7158374701656509e-01  3.6481504536255199e-01  3.0561866823043299e-01  
q[3]:  2.2638348562439185e-02  5.9934476764016487e-01  5.0400030385808570e-01  9.7183987873925848e-02  
q[4]:  1.6650505819664575e-02  6.0463905147218378e-01  5.4135783911632951e-01  4.3265102464154609e-01  
q[5]:  8.7305903994625463e-03  9.1773119811645498e-01  1.5173947996441703e-01  8.0917482310099195e-02  
q[6]:  2.2091476443416636e-02  9.0570105565139292e-01  4.9749787464456946e-01  9.4596935101227062e-02  
q[7]:  1.7731207717497359e-02  9.2934414735601290e-01  5.1435108422661546e-01  4.0739042064031988e-01  
q[8]:  8.3276707352413059e-03  9.2536442481706627e-01  8.4874186998933776e-01  7.6110359200142891e-02  
q[9]:  2.1928460136373239e-02  9.0762237299900572e-01  8.1214512777914083e-01  4.0813875959502333e-01  
q[10]: 8.3661544578017520e-03  9.2583662159484026e-01  8.4100786596307253e-01  7.7072438541283717e-01  

