deg: 5
dim: 3
nodes: 14
efficiency: 1

q[0]:  1.2248840519393659e-02  2.7820575093267375e-01  1.8547050062178250e-01  9.2735250310891248e-02  
q[1]:  7.0910034628469181e-03  5.4550370412564975e-01  9.1007408251299368e-02  4.5503704125649691e-02  
q[2]:  1.8781320953002650e-02  6.8911408073669944e-01  3.7822816147339877e-01  6.7342242210098144e-02  
q[3]:  1.8781320953002643e-02  6.8911408073669944e-01  3.7822816147339883e-01  3.1088591926330061e-01  
q[4]:  7.0910034628469077e-03  5.4550370412564964e-01  5.0000000000000000e-01  4.5503704125649608e-02  
q[5]:  1.8781320953002639e-02  6.8911408073669933e-01  6.2177183852660123e-01  3.1088591926330056e-01  
q[6]:  7.0910034628469095e-03  5.4550370412564964e-01  4.9999999999999994e-01  4.5449629587435031e-01  
q[7]:  1.2248840519393657e-02  9.0726474968910875e-01  1.8547050062178244e-01  9.2735250310891221e-02  
q[8]:  7.0910034628469138e-03  9.5449629587435036e-01  5.0000000000000000e-01  4.5503704125649670e-02  
q[9]:  1.8781320953002639e-02  9.3265775778990179e-01  6.2177183852660123e-01  3.1088591926330061e-01  
q[10]: 7.0910034628469121e-03  9.5449629587435036e-01  5.0000000000000000e-01  4.5449629587435031e-01  
q[11]: 1.2248840519393655e-02  9.0726474968910875e-01  8.1452949937821761e-01  9.2735250310891207e-02  
q[12]: 7.0910034628469129e-03  9.5449629587435036e-01  9.0899259174870073e-01  4.5449629587435031e-01  
q[13]: 1.2248840519393657e-02  9.0726474968910875e-01  8.1452949937821761e-01  7.2179424906732637e-01  

