deg: 6
dim: 3
nodes: 23
efficiency: 0.913043

q[0]:  1.8985758034903732e-03  1.3175034657770784e-01  9.0007550678310719e-02  4.5912466048599603e-02  
q[1]:  8.2360746934969642e-03  3.9801836743179009e-01  1.2949231188699054e-01  6.4873449130477281e-02  
q[2]:  6.7813575323884840e-03  3.9376877788250547e-01  3.3217982415880770e-01  5.5735048523354085e-02  
q[3]:  4.9458956891097255e-03  5.0004352256807116e-01  4.1445728637467610e-01  2.0962084954060267e-01  
q[4]:  6.7247630715480322e-03  3.9749575728935588e-01  3.3591572603980119e-01  2.8077346462158720e-01  
q[5]:  7.3585631304742324e-03  7.2933153234387338e-01  1.2043888373767614e-01  6.0197166460504263e-02  
q[6]:  1.0963087906157578e-02  6.7640727688770408e-01  3.5938946566047664e-01  4.3498533864886398e-02  
q[7]:  3.5367427896821728e-03  7.8244999295139195e-01  3.4475736045246375e-01  1.7346910430420204e-01  
q[8]:  1.8253935108021167e-02  7.6851256213053920e-01  5.4708757851805057e-01  2.7347478066873021e-01  
q[9]:  1.0926507453926898e-02  6.7687909394204782e-01  3.5983380021504563e-01  3.1653800757705836e-01  
q[10]: 8.4624599124998451e-03  7.3062407184744060e-01  6.6578675400898979e-01  6.7033124225051283e-02  
q[11]: 7.3337985588614232e-03  6.9441022225376225e-01  6.7120910636895770e-01  3.3563113091460001e-01  
q[12]: 8.4288730385838166e-03  7.3469675431240433e-01  6.6993324965102607e-01  6.0291837559470218e-01  
q[13]: 1.7401506503189473e-03  9.6026713332589808e-01  8.5575970544834304e-02  4.2408034659887947e-02  
q[14]: 7.9863324369789379e-03  9.3517485839500059e-01  3.3404019067817209e-01  6.2570026874621668e-02  
q[15]: 7.9604808812990709e-03  9.3537253141752164e-01  3.3254867110802916e-01  2.6994656944013301e-01  
q[16]: 8.2486360047366730e-03  9.3480838092144014e-01  6.6677130363682591e-01  6.3827655720144177e-02  
q[17]: 9.3847834779143737e-03  9.6627654618660686e-01  6.3520602866663933e-01  3.1719262993155678e-01  
q[18]: 8.2670005505936228e-03  9.3502923972884666e-01  6.6542591187047040e-01  6.0129134669720186e-01  
q[19]: 1.5673757235669346e-03  9.5910902062754444e-01  9.2115047364255909e-01  3.6843022695691480e-02  
q[20]: 8.0391387840953194e-03  9.3868554680015537e-01  8.7309240529651533e-01  2.6665903459851248e-01  
q[21]: 8.0547577453551466e-03  9.3886782374138467e-01  8.7308918714929995e-01  6.0381521471827526e-01  
q[22]: 1.5673757235669346e-03  9.6114749148485190e-01  9.2239610442852704e-01  8.8434282125177954e-01  

