deg: 1
dim: 3
nodes: 1
efficiency: 1

q[0]: 5.0000000000000000e-01  5.0000000000000000e-01  6.6666666666666663e-01  3.3333333333333331e-01  

