deg: 6
dim: 3
nodes: 22
efficiency: 0.954545

q[0]:  1.2768403937733297e-02  2.6678374204627320e-01  1.0983775258648119e-01  7.4027356295251520e-02  
q[1]:  1.9408797954761789e-02  1.4976139536722899e-01  6.8314428255961801e-01  4.6103769869184096e-02  
q[2]:  1.6155998786173163e-02  2.3783644366049374e-02  3.4269253736528288e-01  1.2624067775972439e-01  
q[3]:  2.4505208239015728e-02  1.8264485201964753e-01  4.8094291063797456e-01  4.2867356473597712e-01  
q[4]:  2.1129523560964182e-02  6.7212371800142778e-02  9.0304716507839999e-01  2.8779430362811098e-01  
q[5]:  2.2370145451774823e-02  6.1901011247564669e-02  8.2893448524173630e-01  6.6544944803450712e-01  
q[6]:  2.6354634355308736e-02  4.8635393685422901e-01  3.3427658295870233e-01  3.3549388586715502e-02  
q[7]:  6.2552299160884894e-02  3.1896945409733202e-01  6.4353113475656276e-01  2.8809077378354742e-01  
q[8]:  5.0943308224618167e-03  1.9201436248795856e-01  9.6658706303715591e-01  1.0619886084636246e-02  
q[9]:  2.7918055009012836e-02  3.7944961023280405e-01  9.6657932000615687e-01  6.2219184216444268e-01  
q[10]: 5.5462823351380957e-03  2.2314394570250842e-01  9.8080255942841643e-01  9.5174502316023379e-01  
q[11]: 9.9249150023470144e-03  8.9174778685306066e-01  1.3307596858658843e-01  5.4633672875887440e-02  
q[12]: 2.8414047043621143e-02  6.9428514879633796e-01  7.5936861063485395e-01  7.0124440997837587e-02  
q[13]: 3.9017954817813658e-02  6.8966896379937792e-01  3.5851114668622203e-01  2.6910047894583505e-01  
q[14]: 2.6734979582466338e-02  5.2911442825563526e-01  7.7396598845601372e-01  7.2920375072364974e-01  
q[15]: 2.7127802567142804e-02  5.1896081611010325e-01  9.4175656497793458e-01  1.8817778227762630e-01  
q[16]: 2.6847587304764414e-02  9.2554294718065189e-01  5.3237508111503562e-01  1.2725440020929371e-01  
q[17]: 1.1647618593633254e-02  9.9500850840227395e-01  5.9874482909120319e-01  5.3000292660397741e-01  
q[18]: 4.9914915977260586e-03  9.5561807220783967e-01  9.4707045796188338e-01  4.4211702997042288e-02  
q[19]: 2.2176006256733133e-02  9.0903266364828084e-01  9.1990084231749725e-01  3.9357653586341607e-01  
q[20]: 4.4146637940342619e-02  7.3201634683165984e-01  7.5731666463322000e-01  4.7309554605195409e-01  
q[21]: 1.5167279680180126e-02  8.6029763404768378e-01  9.4676094395366572e-01  8.3393869635537421e-01  

