deg: 5
dim: 3
nodes: 15
efficiency: 0.933333

q[0]:  2.1553575509979845e-02  2.2991370274005157e-01  1.5120197251181935e-01  7.1272317709644886e-02  
q[1]:  3.4626680812754496e-02  3.7069210043672793e-02  5.0378108745730221e-01  2.8079484730637061e-01  
q[2]:  2.8568829703651953e-02  1.0488182511935079e-01  8.5047631395210543e-01  1.1774137721297998e-01  
q[3]:  3.4522380184877383e-02  2.0965455508008163e-01  9.4458587013016670e-01  4.9854972926212754e-01  
q[4]:  2.9414970147899129e-02  1.4719272220373644e-01  8.5924045938019855e-01  7.6692480672210617e-01  
q[5]:  3.8047960972552579e-02  3.5739109515390344e-01  4.9334634770320118e-01  3.4764116924596834e-02  
q[6]:  8.8308018380295214e-02  5.5017639469578494e-01  7.2352901932577984e-01  3.5614569200849688e-01  
q[7]:  4.0643556228113810e-02  4.3930045776535848e-01  4.8793023340749236e-01  4.5203859225194609e-01  
q[8]:  2.5405342000016984e-02  5.7245650706985451e-01  9.4611653106215110e-01  9.6005069079155000e-02  
q[9]:  3.0195999526796313e-02  6.9822185535988601e-01  9.3153697188177909e-01  8.2856068851747722e-01  
q[10]: 3.3209640657781377e-02  8.0683442138298089e-01  2.2215134701266476e-01  1.1808593326120315e-01  
q[11]: 2.5528308581147581e-02  8.6262405340779080e-01  4.9299052776408064e-01  1.2962299644597922e-01  
q[12]: 2.1553575509979845e-02  9.1751535714084720e-01  7.8154911320524256e-01  8.3900246880656754e-02  
q[13]: 2.2054968199629432e-02  8.8944361861830279e-01  9.6502604353945398e-01  4.5266091496176120e-01  
q[14]: 2.6366193584524085e-02  9.6047519943737014e-01  6.7119994410374084e-01  5.5553007279675914e-01  

