deg: 7
dim: 3
nodes: 31
efficiency: 0.967742

q[0]:  6.1357784344038364e-03  8.1890103807923262e-02  1.3532167131345874e-01  3.2547326270873027e-02  
q[1]:  1.2013510496744390e-02  7.6194929050237323e-02  5.0597350353448389e-01  6.3091662997107639e-02  
q[2]:  2.1002981699889487e-02  9.8861992679331337e-02  3.8916278341150418e-01  2.9303332330531073e-01  
q[3]:  1.5151977800364390e-02  4.4878959705518362e-02  7.1927904378908702e-01  2.8394868092293207e-01  
q[4]:  4.4893075496946801e-03  4.7903987735241748e-03  7.5153074790622254e-01  7.2171881399245807e-01  
q[5]:  5.2523446451303068e-03  3.5742035652931443e-02  9.5120122583680355e-01  9.6685196102897081e-02  
q[6]:  1.2738877264562305e-02  6.2772831039227941e-02  9.2204190321711510e-01  5.8694233608160717e-01  
q[7]:  8.1050247790621418e-03  1.8196372577339981e-01  9.6935510126670710e-01  8.9065785655653540e-01  
q[8]:  3.0546359134253569e-02  4.0972150891699000e-01  3.6218910419087813e-01  7.6548969358175581e-02  
q[9]:  3.4541157530957059e-02  3.4053197922050826e-01  6.2936534127305543e-01  3.2812442005455511e-01  
q[10]: 1.0898226959685803e-02  3.9577501970195389e-01  1.3721757155515787e-01  1.1449398571239980e-01  
q[11]: 3.7262215265706729e-02  6.0452160274221378e-01  7.7309711271677739e-01  2.2291716498316252e-01  
q[12]: 2.9064422815020301e-02  2.5842127205186044e-01  7.4306386568132421e-01  6.1515214378359995e-01  
q[13]: 1.8876657700511754e-02  2.3626228471096944e-01  7.8009913298544142e-01  5.6360985946020611e-02  
q[14]: 2.3201709914367725e-02  2.5934362673792360e-01  9.4152197286162387e-01  3.2131572194042302e-01  
q[15]: 1.2010685189262908e-02  6.0512826624243432e-01  8.8476395898570503e-01  8.5659296511503646e-01  
q[16]: 8.2886953793025152e-03  7.8764236792232734e-01  1.1368640013863655e-01  2.5824382427666496e-02  
q[17]: 3.5155597606724875e-02  7.4331219845982310e-01  4.0394095837029392e-01  2.7240384824374059e-01  
q[18]: 1.6675621351286151e-02  7.2435453704950137e-01  6.2287100486393576e-01  3.0643335908175515e-02  
q[19]: 1.1633747284544050e-02  7.6997018681682794e-01  9.7155206154400753e-01  2.5859016567259957e-01  
q[20]: 2.7859522674437490e-02  7.3424096320003029e-01  7.6163530367684218e-01  5.3239502837752006e-01  
q[21]: 1.2583862247551408e-02  4.8552480276964444e-01  5.0157162278296763e-01  5.0013942387654153e-01  
q[22]: 8.4972967767552206e-03  5.1116165287740212e-01  9.6163566204768258e-01  4.3250741618494244e-02  
q[23]: 2.3232985723945904e-02  5.3037810621447601e-01  9.5235621300655493e-01  6.4728523234485247e-01  
q[24]: 9.9168296303900928e-03  9.2547730386514582e-01  3.6857693379882300e-01  5.9818582812043962e-02  
q[25]: 3.6585942363348161e-03  9.9856777793117601e-01  2.1739142303681416e-01  2.0245196041743949e-01  
q[26]: 1.6584001579300300e-02  9.5572438055247433e-01  6.3793054959904283e-01  2.3061016600644096e-01  
q[27]: 1.3572728317930736e-02  9.3077846248263252e-01  6.8032349725156160e-01  6.0964359571535831e-01  
q[28]: 9.7889701898656156e-03  9.2882872931588056e-01  8.8856983512022381e-01  7.0195242303915009e-02  
q[29]: 1.4111865832196436e-02  9.3020586073299649e-01  9.1940680272184461e-01  4.8312055664378178e-01  
q[30]: 7.1484439898169506e-03  9.1039953721480238e-01  9.6298868128892523e-01  8.5562025446130907e-01  

