deg: 4
dim: 3
nodes: 11
efficiency: 0.818182

q[0]:  3.1984237677344027e-02  1.6052408607983212e-01  2.0613050654207743e-01  1.0058624074631312e-01  
q[1]:  5.4030953823964535e-02  7.1558471170882237e-02  6.6856588992244137e-01  3.0797421794799529e-01  
q[2]:  3.0373006825838669e-02  1.7510723160247327e-01  9.0259152928322472e-01  9.3109564077487855e-02  
q[3]:  3.2623004975932443e-02  1.4521274143641744e-01  8.9092968824817365e-01  7.8093519736958172e-01  
q[4]:  6.8761509912693183e-02  5.2926479258708781e-01  5.3294466927210660e-01  6.4424881916933491e-02  
q[5]:  6.8333872029122028e-02  4.8372260805909156e-01  5.2983239252378289e-01  4.6663244849752394e-01  
q[6]:  6.7925298574908782e-02  5.0178439522836260e-01  9.3799410753335855e-01  4.6585959518769704e-01  
q[7]:  3.0653165696831259e-02  8.3727963355568980e-01  1.9749572750948433e-01  1.0012271679253826e-01  
q[8]:  5.3847651132474125e-02  9.3762436066825938e-01  6.6998562666966577e-01  3.6152659861226005e-01  
q[9]:  3.1100968995316291e-02  8.5181415065856225e-01  8.9684657930301470e-01  1.0564228558885359e-01  
q[10]: 3.0366330355574647e-02  8.1556287396272586e-01  9.0722200378517426e-01  8.1414056405720459e-01  

