deg: 2
dim: 3
nodes: 4
efficiency: 0.75

q[0]: 1.2028932118160912e-01  3.5250755381749632e-01  8.2104622327742505e-01  8.9937590054082403e-02  
q[1]: 1.2864377062285073e-01  1.2453752402605311e-01  6.8409010872060849e-01  5.6467823278219442e-01  
q[2]: 1.2167243706216584e-01  6.4055536581467121e-01  2.7065315949168883e-01  8.9937590054082417e-02  
q[3]: 1.2939447113337435e-01  8.7823069670501497e-01  8.7820815631213300e-01  5.5846955096511208e-01  

