deg: 3
dim: 3
nodes: 6
efficiency: 0.833333

q[0]: 8.3322093019912613e-02  2.1190862558366824e-01  3.4058522184358697e-01  1.0871497425629467e-01  
q[1]: 8.3378699913905660e-02  2.1145609459934614e-01  8.9078539840240600e-01  2.3162847092257619e-01  
q[2]: 8.3299207485419163e-02  2.1061109455735277e-01  7.6769750722717178e-01  6.5851000367913903e-01  
q[3]: 8.3299263344581570e-02  7.8900225505945853e-01  3.4127514748472404e-01  2.3230093643113645e-01  
q[4]: 8.3344357939157676e-02  7.8910517744470399e-01  7.6812928375587164e-01  1.0933719712749974e-01  
q[5]: 8.3356378297023290e-02  7.8791675723093602e-01  8.9119427452979594e-01  6.5956476305182554e-01  

